0 0.7751844375 0.7312712499999999 0.17196350000000005 0.33030633333333326
1 0.67558175 0.6557888333333333 0.19494899999999993 0.30079466666666654
0 0.36888437500000004 0.40779858333333335 0.16699999999999998 0.14755566666666664
1 0.241551 0.5321319166666667 0.17466675 0.202222
1 0.4249411875 0.45229308333333335 0.18433750000000004 0.17991933333333332
1 0.2859351875 0.6018914166666667 0.206024 0.24658633333333346
0 0.7228652499999999 0.3280923333333333 0.08775 0.08866666666666667
1 0.66649025 0.2974256666666667 0.09575 0.07766666666666666
1 0.7817402499999999 0.3621756666666667 0.07699999999999996 0.10066666666666663
1 0.6122402499999999 0.271759 0.09949999999999992 0.0683333333333333
1 0.5656152499999999 0.25084233333333333 0.09450000000000003 0.05733333333333332
0 0.4579535 0.21053208333333331 0.09183324999999998 0.04355600000000001
1 0.4264119375 0.20069883333333333 0.08966674999999996 0.03955533333333333
0 0.3977035625 0.19253208333333333 0.08466674999999996 0.03777799999999998
1 0.37287025 0.18569875 0.08000000000000002 0.03488866666666668
1 0.350661875 0.1799765 0.0748335 0.032444333333333325
0 0.3307453125 0.17569883333333333 0.07200000000000001 0.031333
0 0.3127035625 0.17181 0.06799975000000003 0.02955533333333335
1 0.2969535625 0.16869883333333333 0.0645 0.02822233333333332
0 0.28257862499999997 0.16603208333333333 0.06 0.02688899999999997
1 0.26974525 0.16347658333333331 0.05533324999999997 0.025555333333333347
1 0.2583285625 0.16153216666666664 0.05350000000000002 0.02511133333333332
0 0.19971225 0.27047299999999996 0.08975 0.0638333333333333
1 0.18696225000000002 0.26105633333333333 0.081625 0.058166666666666644
1 0.17649350000000003 0.252973 0.076125 0.053999999999999965
0 0.13054575 0.216237 0.049875 0.033833333333333326
1 0.12567075 0.21319533333333335 0.0465 0.032
1 0.12192075 0.21040366666666668 0.043875 0.0305
1 0.1353478125 0.21993141666666666 0.05262499999999999 0.036611000000000005
1 0.1406395 0.223862 0.05675000000000001 0.038666666666666655
1 0.1460040625 0.22815375000000002 0.05991674999999999 0.04077799999999998
1 0.152576875 0.23318133333333332 0.06333325000000001 0.043999999999999984
