0 0.5133838125 0.8005185833333334 0.27228925 0.36626499999999995
0 0.4170755 0.6985076666666666 0.2440000000000001 0.30400000000000005
0 0.34820049999999997 0.6136743333333333 0.218 0.2413333333333334
0 0.29632549999999996 0.5455076666666666 0.1955 0.1966666666666667
0 0.5744088125 0.48650783333333336 0.17066675000000003 0.17955566666666667
0 0.70378375 0.3118966666666667 0.08349999999999991 0.0743333333333333
0 0.65228375 0.2888966666666667 0.08750000000000002 0.06466666666666665
0 0.6053671250000001 0.26973 0.09066649999999998 0.05711133333333332
0 0.8155755 0.370369 0.0665 0.09300000000000003
0 0.7595755000000001 0.33978566666666665 0.07999999999999996 0.08700000000000002
0 0.869513 0.40220233333333333 0.05874999999999997 0.10199999999999998
0 0.9230755 0.436869 0.05824999999999991 0.11266666666666669
0 0.82599225 0.30956333333333336 0.05149999999999999 0.059
0 0.78086725 0.28614666666666666 0.05775000000000008 0.053666666666666696
1 0.73642975 0.26531333333333335 0.06125000000000003 0.04600000000000001
0 0.69297125 0.24753566666666665 0.06475000000000009 0.03999999999999998
1 0.65240875 0.23278566666666667 0.06600000000000006 0.03466666666666665
0 0.841505 0.6719029166666667 0.12048200000000009 0.2578313333333334
0 0.926595375 0.7349553333333333 0.09578324999999988 0.26907633333333336
0 0.75144475 0.6074451666666667 0.146988 0.23373500000000008
0 0.6603301875 0.54459375 0.16686749999999995 0.20883533333333332
0 0.49996875 0.43727266666666664 0.15900000000000003 0.15266666666666667
0 0.5626355 0.25373216666666665 0.09300000000000008 0.051333333333333314
0 0.6143854999999999 0.21956541666666668 0.07033325000000001 0.03311100000000003
0 0.8708219375 0.333417 0.046333250000000104 0.06044433333333332
0 0.4409738125 0.3980498333333333 0.14733325000000003 0.1288886666666667
0 0.8365155 0.24629991666666667 0.036166749999999914 0.03822233333333336
0 0.8695155 0.26291091666666666 0.03416674999999991 0.040666666666666684
0 0.902182125 0.2807443333333333 0.036333249999999984 0.04511133333333334
0 0.9339321875 0.29918866666666666 0.03916649999999999 0.04977766666666672
0 0.9651821875 0.3190220833333333 0.04366650000000005 0.055555666666666725
0 0.8030444999999999 0.23059866666666667 0.039874999999999994 0.03466666666666668
1 0.7070132499999999 0.19222366666666668 0.047375000000000056 0.02616666666666667
0 0.523635125 0.24075916666666666 0.09187499999999993 0.04655533333333334
0 0.489083125 0.22992574999999998 0.08966675000000007 0.04266666666666666
0 0.457749875 0.22120358333333334 0.08783324999999997 0.039111333333333304
0 0.428538 0.214364 0.08408349999999998 0.03566666666666665
1 0.4027463125 0.20879466666666668 0.07866675000000006 0.03222233333333335
0 0.38020475 0.2045725 0.07500000000000001 0.029777666666666647
1 0.35984 0.200864 0.07025000000000003 0.02733333333333335
1 0.3412775 0.19757233333333332 0.06674999999999998 0.026166666666666644
1 0.3245380625 0.19457241666666666 0.06533325000000001 0.025778000000000023
0 0.25639325 0.4928531666666667 0.16725000000000004 0.15955566666666665
0 0.227643125 0.4524088333333333 0.14800000000000002 0.137
1 0.20383075 0.419242 0.13175 0.1196666666666667
0 0.18458075 0.39249200000000006 0.11250000000000002 0.10299999999999998
1 0.170859 0.37127999999999994 0.10175000000000003 0.08999999999999997
0 0.91408625 0.35771441666666665 0.046166750000000145 0.06411100000000003
