1 0.70295275 0.6264323333333334 0.16099999999999992 0.28333333333333327
1 0.8925777500000001 0.7402656666666667 0.09949999999999992 0.29799999999999993
0 0.80170275 0.6859323333333334 0.133 0.29666666666666663
0 0.6035332499999999 0.5648683333333333 0.18199999999999994 0.25466666666666665
0 0.513032375 0.5076250833333333 0.18533325 0.22044466666666668
0 0.4357824375 0.45940291666666666 0.17900000000000005 0.18577766666666656
0 0.3663174375 0.4164029166666667 0.18133324999999995 0.16133333333333338
0 0.3053035 0.379066 0.15899999999999997 0.13333333333333336
0 0.2595535 0.3512326666666667 0.13599999999999995 0.1103333333333334
0 0.2250685625 0.3303265 0.12316675000000002 0.09577800000000003
1 0.1965268125 0.3141043333333333 0.10583325000000002 0.08288900000000005
1 0.174485125 0.30199316666666665 0.09566675000000002 0.07244433333333328
0 0.1566935 0.29104874999999997 0.08666675 0.06622233333333338
1 0.7193384999999999 0.19815633333333335 0.046374999999999944 0.028833333333333322
0 0.755651 0.21153133333333335 0.042874999999999996 0.032833333333333325
1 0.79243225 0.226198 0.03862500000000002 0.034833333333333355
0 0.82905725 0.24226050000000002 0.039125000000000076 0.03841666666666668
0 0.68394275 0.18671166666666666 0.04874999999999996 0.02483333333333332
0 0.6497865 0.17678133333333335 0.05225000000000002 0.02200000000000002
0 0.86551575 0.259823 0.04137499999999994 0.04316666666666666
1 0.8230259999999999 0.20183666666666666 0.029874999999999985 0.024500000000000022
0 0.85068225 0.21396166666666666 0.031625000000000014 0.028833333333333322
1 0.8781509999999999 0.22721166666666665 0.034375000000000044 0.031
0 0.7946615 0.19042008333333335 0.029583500000000096 0.023111333333333345
0 0.7662448125 0.17925341666666667 0.03183350000000007 0.021777666666666667
0 0.7383698125 0.16903125000000002 0.034083500000000044 0.019778000000000018
1 0.7096614375 0.15914233333333333 0.03883324999999982 0.01977799999999999
0 0.6171615 0.16839233333333334 0.051999999999999935 0.019333333333333313
0 0.5859426875 0.16125358333333334 0.05416675000000015 0.017833333333333312
0 0.9016609999999999 0.27866466666666667 0.044749999999999956 0.04766666666666669
0 0.9364214375 0.2980396666666667 0.044875 0.05216666666666664
1 0.90505675 0.241359 0.03662500000000002 0.03483333333333333
0 0.93149425 0.25652566666666665 0.03887499999999999 0.03783333333333333
1 0.95668175 0.272109 0.036374999999999935 0.037666666666666626
0 0.6818275625 0.15084508333333335 0.03633349999999991 0.015000333333333338
0 0.65699425 0.14487283333333334 0.03591674999999994 0.013999999999999985
0 0.6335464375 0.13917833333333335 0.03720824999999994 0.012611000000000011
