0 0.60238 0.7671296666666667 0.393 0.32666666666666677
1 0.66938 0.5867963333333333 0.2905 0.22933333333333344
1 0.7105049999999999 0.4582963333333333 0.21299999999999997 0.14399999999999996
1 0.73579675 0.369074 0.16549999999999998 0.08866666666666667
1 0.75167175 0.3064906666666667 0.131 0.05733333333333335
0 0.76254675 0.2607406666666666 0.10975000000000001 0.04733333333333331
0 0.77004675 0.22624066666666665 0.09325000000000006 0.03900000000000001
1 0.7751717499999999 0.20040733333333333 0.08274999999999999 0.035999999999999976
0 0.779317625 0.18040725000000002 0.07358324999999999 0.03488866666666668
1 0.782901 0.16182400000000002 0.06645850000000009 0.03633333333333333
0 0.785276 0.146463 0.058250000000000024 0.030666666666666675
0 0.7867759999999999 0.13579633333333335 0.05449999999999999 0.028833333333333336
0 0.3088059375 0.5307685833333333 0.11265049999999996 0.39277100000000004
0 0.23802275 0.3898046666666667 0.11445800000000003 0.23453800000000002
0 0.31900275 0.30976183333333335 0.08599999999999997 0.1808886666666667
1 0.3896694375 0.24631733333333333 0.07566649999999997 0.13688866666666663
1 0.40025275000000005 0.4103173333333333 0.10033349999999996 0.29733333333333334
1 0.038358062500000005 0.4105121666666666 0.095033 0.07888899999999999
1 0.0881163125 0.3460121666666667 0.13833325000000002 0.08311133333333331
1 0.1447413125 0.28806775 0.15516675 0.07888866666666666
0 0.4917555 0.16414299999999998 0.07775000000000004 0.08083333333333334
1 0.5277555 0.137893 0.07762500000000006 0.06483333333333334
0 0.660338875 0.121143 0.06833325000000001 0.05644433333333332
0 0.672088875 0.10303191666666667 0.07549974999999998 0.058222333333333334
1 0.6195054375 0.08180966666666667 0.055833250000000056 0.03533333333333333
1 0.6328804375 0.06880958333333334 0.0495000000000001 0.02422233333333334
1 0.446996 0.198994 0.07724999999999999 0.10166666666666666
