0 0.38818268749999996 0.6198995 0.15254225000000005 0.36158200000000007
0 0.49435025 0.5414313333333334 0.17137475000000008 0.32768366666666665
0 0.2838983125 0.6930320000000001 0.12429375000000004 0.3691150000000001
0 0.1897363125 0.7605146666666667 0.10263649999999999 0.3603263333333332
0 0.10216581250000001 0.8192090000000001 0.09133700000000002 0.3402386666666667
1 0.5892185625 0.470182 0.16760825000000001 0.274953
1 0.6617231875 0.4111739166666667 0.16007525 0.237288
1 0.7210451875 0.3634651666666667 0.14689275000000002 0.1971126666666666
0 0.76801175 0.32728308333333334 0.138 0.17022233333333334
1 0.805095125 0.29894983333333336 0.119 0.13999999999999999
0 0.8325950625 0.2775053333333333 0.11233349999999998 0.12622233333333335
0 0.855678375 0.2576164166666667 0.1046665000000001 0.11511100000000005
