0 0.9507262500000001 0.596962 0.06774999999999998 0.11866666666666659
1 0.89728875 0.563212 0.05774999999999997 0.10999999999999999
1 0.84753875 0.5333786666666667 0.05324999999999991 0.10599999999999998
1 0.80141375 0.5057953333333334 0.04774999999999996 0.09533333333333333
1 0.7552887500000001 0.4808786666666667 0.05575000000000008 0.09433333333333338
0 0.66860125 0.4360453333333333 0.08025000000000004 0.08533333333333337
0 0.6066637500000001 0.40662866666666664 0.09099999999999997 0.07733333333333337
1 0.55060125 0.38096199999999997 0.0787500000000001 0.06533333333333335
0 0.50291375 0.3602953333333333 0.08300000000000007 0.05933333333333335
1 0.45835125 0.340462 0.07974999999999999 0.054333333333333345
0 0.40535125 0.31887866666666664 0.07900000000000001 0.05099999999999999
0 0.37185124999999997 0.3053786666666667 0.07475000000000004 0.04533333333333334
1 0.34297625 0.294962 0.0675 0.03966666666666668
1 0.31472625 0.28571199999999997 0.0655 0.03466666666666668
0 0.28235125 0.27529533333333334 0.06375000000000003 0.03033333333333338
1 0.2616638125 0.2684065 0.060666749999999964 0.027777666666666645
0 0.2411221875 0.26162858333333333 0.05516649999999998 0.026888999999999996
1 0.2236221875 0.25640633333333335 0.0491665 0.02466666666666667
1 0.2088721875 0.25179525 0.04600000000000001 0.021999999999999992
