0 0.1379031875 0.6860215 0.15 0.2795696666666666
0 0.23225812499999998 0.6110215 0.17096775000000003 0.25053766666666666
0 0.32160425 0.5420356666666667 0.1805 0.21133333333333337
0 0.40172925 0.4822856666666666 0.17875000000000002 0.17433333333333328
0 0.47022924999999993 0.4337023333333333 0.17049999999999998 0.14300000000000002
0 0.52516675 0.3945356666666667 0.15499999999999997 0.1146666666666667
0 0.56979175 0.36361899999999997 0.13974999999999993 0.09900000000000003
0 0.60635425 0.339119 0.12424999999999997 0.08633333333333332
0 0.63579175 0.31903566666666666 0.11275000000000002 0.07733333333333337
0 0.66260425 0.30103566666666665 0.10750000000000004 0.07200000000000001
0 0.68885425 0.28473000000000004 0.09800000000000009 0.06433333333333335
0 0.71072925 0.27173 0.08349999999999991 0.05399999999999999
0 0.7282292499999999 0.26189666666666667 0.07474999999999998 0.04600000000000001
0 0.0527640625 0.75572425 0.11776600000000001 0.2954023333333333
0 0.656128 0.6809388333333333 0.17586225 0.2505746666666667
0 0.738245875 0.5238531666666667 0.12200024999999992 0.16933333333333334
0 0.7844958125000001 0.42607533333333336 0.07866675000000001 0.10133333333333333
0 0.80787075 0.3686446666666666 0.058250000000000024 0.07166666666666666
0 0.82255825 0.331978 0.04762500000000003 0.04899999999999999
0 0.8330270000000001 0.307228 0.04112499999999997 0.03750000000000003
0 0.05421275 0.3405146666666667 0.08562499999999999 0.06483333333333335
0 0.14402525 0.29163966666666663 0.101375 0.06
0 0.239244 0.24976466666666666 0.10237500000000002 0.048500000000000015
0 0.3250565 0.21818133333333334 0.08812500000000001 0.033833333333333326
0 0.39471275 0.19772299999999998 0.07600000000000001 0.025333333333333347
0 0.451869 0.18359799999999998 0.06412499999999999 0.019500000000000017
