0 0.8106529375 0.6853849166666667 0.16900000000000004 0.25022233333333344
1 0.8840696250000001 0.7739404166666666 0.1459999999999999 0.282222
0 0.7378195625 0.5992738333333334 0.1793332499999999 0.2115556666666667
1 0.6683195625 0.5210515833333333 0.18533325000000012 0.1728886666666667
0 0.6120070625 0.4599405 0.16566675000000008 0.12711100000000003
1 0.5659028749999999 0.4130515 0.16399999999999998 0.10977766666666666
0 0.522903 0.3701626666666667 0.15549999999999997 0.09033333333333332
0 0.485153 0.33366266666666666 0.14449999999999996 0.07700000000000001
0 0.45330925 0.30370433333333335 0.12987500000000007 0.061
0 0.42846550000000005 0.28016266666666667 0.11699999999999999 0.051000000000000045
0 0.32960075 0.8510957499999999 0.30542175000000005 0.2995983333333333
0 0.263034375 0.70671825 0.25120475 0.24979933333333326
0 0.23677837499999999 0.5983314166666667 0.20924099999999998 0.19598399999999994
1 0.2227233125 0.5146061666666667 0.1752925 0.15401533333333328
0 0.21398825 0.4514679166666667 0.1533335 0.12044433333333326
0 0.20792575 0.40241233333333337 0.1355 0.10233333333333333
0 0.20386325 0.36369 0.121 0.08166666666666661
