1 0.17895149999999999 0.567355 0.14030125000000002 0.12103833333333325
1 0.221141 0.48706183333333336 0.13941825000000002 0.09082866666666672
1 0.349811625 0.5081606666666667 0.19491524999999998 0.11927166666666672
1 0.7660075625 0.46421850000000003 0.1930322499999999 0.1155053333333334
1 0.25990825 0.41814700000000005 0.13549999999999998 0.068
1 0.29440825000000004 0.3608136666666667 0.124 0.052666666666666695
1 0.38290825 0.425147 0.179 0.08666666666666667
1 0.41040825000000003 0.36131366666666664 0.16050000000000003 0.05733333333333335
1 0.43190825 0.31248033333333336 0.14400000000000002 0.04800000000000004
1 0.32428325 0.316147 0.12000000000000005 0.04666666666666669
1 0.34928325000000005 0.2793136666666667 0.11049999999999999 0.03999999999999998
0 0.44969993750000004 0.2735915 0.12816675 0.03555533333333338
1 0.37290825 0.249147 0.10599999999999998 0.032
1 0.465866625 0.2440915 0.11533350000000003 0.02866633333333332
1 0.3926999375 0.22442475 0.09550000000000003 0.029333333333333322
1 0.479074875 0.21931358333333334 0.10516675000000003 0.0264446666666667
1 0.7506813125 0.39009475000000005 0.16867450000000006 0.0899596666666666
1 0.735771625 0.3320625833333333 0.15180725000000006 0.071486
1 0.7255305624999999 0.28888983333333335 0.13493975000000002 0.05783100000000002
1 0.8440548125 0.31178141666666664 0.12831325000000005 0.06827299999999997
1 0.7163439375 0.25435166666666664 0.12409625000000002 0.04658633333333334
1 0.8241753125 0.2740305 0.11626499999999995 0.055421666666666675
1 0.7077859999999999 0.22575333333333333 0.11349999999999993 0.04000000000000001
1 0.8081609999999999 0.24358666666666665 0.1087499999999999 0.046666666666666634
1 0.700286 0.20233666666666666 0.10350000000000004 0.032333333333333325
1 0.7923484999999999 0.21767 0.09975 0.042333333333333334
1 0.6949734999999999 0.18408666666666668 0.09499999999999997 0.02733333333333332
1 0.7798485 0.19758666666666666 0.09150000000000003 0.033333333333333326
1 0.6895985 0.16858666666666666 0.08574999999999999 0.02266666666666667
1 0.040184250000000005 0.5138486666666667 0.07175000000000001 0.07366666666666666
1 0.07293425 0.461182 0.07425000000000001 0.060333333333333294
1 0.10587175 0.413682 0.07749999999999999 0.048666666666666636
1 0.13687175 0.3710986666666667 0.07724999999999999 0.04400000000000004
1 0.16555925 0.3343486666666667 0.07974999999999999 0.04099999999999998
1 0.19349675 0.30176533333333333 0.07774999999999999 0.03899999999999998
1 0.21937175 0.2725986666666667 0.07650000000000004 0.03533333333333333
1 0.24249675 0.24751533333333336 0.07150000000000004 0.029666666666666675
0 0.26280925 0.22726533333333335 0.07 0.026666666666666672
1 0.28068425 0.20851533333333336 0.068 0.024333333333333346
1 0.490661125 0.19610291666666665 0.09966649999999994 0.02600033333333332
1 0.503577875 0.17443625000000001 0.09433324999999998 0.026221999999999995
1 0.5153278125 0.15326958333333335 0.08566650000000003 0.023555333333333345
