0 0.532874625 0.7528796666666666 0.30275825 0.24292466666666668
1 0.5089148125 0.5918186666666667 0.26533024999999993 0.18685033333333334
0 0.28555625 0.49157941666666666 0.21116274999999995 0.13480299999999995
0 0.273738375 0.62052925 0.24156624999999998 0.16465866666666673
0 0.26606075 0.785447 0.277 0.19133333333333324
0 0.2645455 0.9393926666666667 0.29772725 0.12222466666666665
1 0.1496453125 0.26510391666666666 0.07316675 0.07777766666666663
1 0.201895375 0.24504841666666666 0.06733325000000004 0.07266666666666666
0 0.2568953125 0.22699283333333334 0.06183324999999998 0.06466666666666668
1 0.3131036875 0.21271516666666668 0.061000250000000034 0.057111333333333375
1 0.369520375 0.20138166666666665 0.06766675000000005 0.051555666666666694
0 0.4244370625 0.193104 0.07449999999999996 0.04822199999999999
1 0.4759369375 0.18665958333333332 0.07883325000000008 0.04400000000000001
1 0.5247286875 0.18277066666666666 0.08266674999999996 0.040444666666666684
0 0.570187 0.18188175 0.08233349999999995 0.037778000000000034
1 0.6100203125 0.182604 0.07766649999999997 0.038888666666666655
1 0.647020375 0.18532616666666665 0.08199999999999996 0.04377766666666666
0 0.683645375 0.18977075000000002 0.07483325000000007 0.042666666666666686
