0 0.15870625 0.7059910833333333 0.09150000000000001 0.29655566666666666
1 0.25220625 0.6637411666666666 0.13333324999999996 0.30222233333333326
0 0.3598729375 0.6137410833333333 0.16733325000000004 0.2875556666666666
1 0.4646229375 0.5622966666666667 0.18233324999999995 0.26133333333333336
0 0.5568729375 0.5140189166666667 0.18533325 0.23155566666666666
1 0.6332061875 0.4728521666666667 0.17433325 0.19911099999999993
0 0.6958519999999999 0.43965766666666667 0.16274999999999995 0.17133333333333334
0 0.7465394999999999 0.4135743333333333 0.14049999999999996 0.14666666666666667
1 0.7840395 0.393241 0.12450000000000006 0.13033333333333336
1 0.8131645625 0.37646333333333337 0.11633350000000009 0.1166666666666667
0 0.8383728749999999 0.36218558333333334 0.10650000000000004 0.10822233333333342
1 0.8597479375 0.35029666666666665 0.09583324999999987 0.09844466666666668
1 0.8767530625 0.34178275 0.08747925000000001 0.08822200000000002
0 0.8912479375 0.33524116666666665 0.08083350000000011 0.08066666666666666
0 0.6720170625 0.79794725 0.2212122499999999 0.2606063333333333
0 0.9133618125 0.5309925 0.09066675000000002 0.12666666666666665
0 0.94857025 0.47243691666666665 0.06599999999999995 0.09444433333333335
0 0.971445125 0.43065908333333336 0.05416674999999993 0.07822233333333328
1 0.9850838749999999 0.39821466666666666 0.03472149999999996 0.056999999999999995
0 0.90457275 0.32953383333333336 0.07207799999999998 0.07491700000000007
0 0.91399675 0.902969 0.1540285 0.21746033333333326
0 0.9594315625000001 0.8124595 0.09920925000000003 0.24257000000000006
0 0.0606165625 0.41822566666666666 0.063 0.11111099999999996
