0 0.810870125 0.40053516666666666 0.09099999999999997 0.16088866666666668
1 0.872286875 0.4300905833333334 0.08833324999999992 0.1600003333333333
1 0.7892868749999999 0.295424 0.07299999999999995 0.10533366666666669
0 0.7314535625 0.2689795833333333 0.06966675000000011 0.10400000000000001
1 0.741620125 0.3705350833333333 0.08266675000000001 0.15555533333333332
1 0.8422868750000001 0.3226461666666667 0.07699999999999996 0.10711133333333328
1 0.6702035 0.24497950000000002 0.06866649999999996 0.09333333333333332
1 0.667120125 0.34075741666666665 0.08733325000000003 0.14844433333333334
1 0.607620125 0.22409066666666666 0.07666675 0.08177799999999996
0 0.5889534375 0.31175733333333333 0.10200000000000009 0.13822233333333334
1 0.5450368125 0.20697958333333333 0.08799975000000004 0.0742223333333333
1 0.5112868125 0.2888684166666667 0.11999999999999988 0.123111
0 0.484786875 0.19375733333333334 0.09466675000000002 0.06933333333333333
1 0.4387035 0.27120183333333336 0.12566675 0.11422233333333329
1 0.42878681249999995 0.18320175 0.10300025000000002 0.06444433333333335
1 0.372370125 0.2579795833333334 0.13 0.10355533333333336
0 0.3131619375 0.24864608333333335 0.12366675000000005 0.09822233333333336
0 0.265536875 0.23920183333333334 0.11000000000000001 0.08888899999999994
0 0.3731201875 0.176424 0.10733324999999999 0.060000000000000026
0 0.32470350000000003 0.17253508333333334 0.09233325000000003 0.05555566666666667
0 0.38696175 0.07508566666666666 0.062 0.026333333333333327
0 0.418868 0.07662733333333334 0.065 0.02616666666666667
1 0.452368 0.078919 0.059750000000000025 0.02800000000000001
1 0.48671175 0.08308566666666667 0.06212500000000004 0.031
1 0.35714925 0.074419 0.06724999999999998 0.025
0 0.326118125 0.07411341666666667 0.06399974999999997 0.022222333333333344
1 0.29690975 0.07389116666666667 0.05966674999999999 0.021111000000000005
