1 0.406617125 0.50130275 0.09099999999999997 0.10488866666666669
1 0.47828381249999996 0.499025 0.08066675000000001 0.10488866666666663
0 0.5505338125 0.4970805 0.08833325000000014 0.10399999999999998
1 0.620117125 0.494525 0.09899999999999998 0.10311133333333333
1 0.683242125 0.4915110833333333 0.10833325000000005 0.09861099999999995
1 0.7405338125 0.4890805833333333 0.10999999999999999 0.09288899999999994
1 0.79090875 0.48715 0.10862499999999997 0.08916666666666667
1 0.8350025000000001 0.4854833333333334 0.10575000000000001 0.08450000000000002
1 0.87390875 0.48423333333333335 0.10324999999999995 0.07983333333333331
1 0.90697125 0.4834 0.09537499999999999 0.07649999999999996
1 0.9360962500000001 0.48265 0.09187500000000004 0.07216666666666671
1 0.9605878125 0.48131666666666667 0.08084124999999998 0.06866666666666665
1 0.9765168750000001 0.4749 0.05821624999999997 0.062
1 0.33792975000000003 0.5039693333333333 0.10100000000000003 0.10500000000000004
0 0.27474225 0.5064693333333333 0.10450000000000001 0.10166666666666674
0 0.21742975 0.508636 0.10224999999999998 0.09800000000000003
1 0.11861725000000001 0.8883103333333333 0.164 0.23069733333333342
1 0.22036725000000001 0.8981513333333333 0.163 0.2120306666666667
1 0.34286725 0.904818 0.15699999999999997 0.19536399999999998
1 0.48036725 0.9059846666666667 0.15550000000000003 0.19069733333333339
1 0.62061725 0.9004846666666666 0.17099999999999993 0.2066973333333334
1 0.74899225 0.8903179999999999 0.1825 0.23069733333333342
1 0.85474225 0.870636 0.18099999999999994 0.2566666666666666
1 0.9295358125000001 0.8290805833333333 0.14784124999999992 0.25155566666666684
1 0.96991275 0.7634139166666667 0.08484124999999998 0.18488900000000008
1 0.050316125 0.8453734166666667 0.11497700000000001 0.2448889999999999
1 0.392727 0.355193 0.056499999999999995 0.04099999999999998
1 0.4352895 0.3523596666666666 0.049375 0.040166666666666684
0 0.47869575 0.3501513333333333 0.04774999999999996 0.03933333333333333
0 0.5227895 0.348693 0.051375000000000004 0.03849999999999998
0 0.565727 0.34871383333333333 0.057375000000000065 0.03766666666666668
1 0.6074145 0.34952633333333333 0.06362499999999993 0.03733333333333333
1 0.64738325 0.35073466666666664 0.06574999999999998 0.03733333333333333
1 0.6851645 0.352193 0.0685 0.03766666666666668
0 0.7204457499999999 0.35444299999999995 0.0685 0.03849999999999998
1 0.75313325 0.35723466666666664 0.07000000000000006 0.037666666666666626
1 0.7835082499999999 0.3599846666666667 0.06824999999999992 0.03716666666666668
1 0.81107075 0.3626513333333333 0.06725000000000003 0.03716666666666668
1 0.83701875 0.3656790833333333 0.06808324999999993 0.03788899999999995
1 0.8612061875 0.36906783333333326 0.06591674999999997 0.03744466666666668
1 0.8829144999999999 0.37256791666666667 0.06308325000000004 0.03711099999999995
0 0.9026228125 0.3761233333333333 0.06283324999999995 0.03788900000000006
1 0.35126875 0.35866499999999996 0.06037500000000001 0.042833333333333334
0 0.31151875 0.36316499999999996 0.06462500000000004 0.04249999999999998
0 0.27308125 0.3681233333333333 0.06749999999999998 0.043333333333333335
1 0.23867500000000003 0.3729983333333333 0.0645 0.042833333333333334
0 0.20217500000000002 0.37858166666666665 0.07974999999999999 0.04533333333333334
1 0.47889375 0.31879 0.040374999999999994 0.026000000000000023
0 0.44170625 0.32054 0.04199999999999998 0.027666666666666673
1 0.40539375 0.3227483333333333 0.047250000000000014 0.028333333333333377
0 0.37001875 0.325915 0.050875000000000004 0.030333333333333323
1 0.33501875000000003 0.3301233333333333 0.05562499999999998 0.03199999999999997
0 0.51593525 0.3176096666666666 0.04262499999999997 0.024999999999999967
0 0.552388375 0.3176513333333333 0.04706250000000001 0.025499999999999967
1 0.5882895 0.31848466666666664 0.05149999999999999 0.026500000000000024
0 0.6232894999999999 0.31977633333333333 0.05437499999999995 0.026666666666666616
1 0.6569145 0.32127633333333333 0.05724999999999991 0.02733333333333332
1 0.688852 0.3236513333333333 0.058250000000000024 0.028833333333333322
1 0.11348925 0.36957666666666666 0.06175000000000001 0.031333333333333324
1 0.1413955 0.36336833333333335 0.05837500000000001 0.030333333333333323
0 0.17292675 0.35641 0.063 0.03200000000000003
0 0.7196485 0.32651050000000004 0.0595 0.02949999999999997
0 0.748211 0.329073 0.05687500000000001 0.029333333333333322
1 0.7747422500000001 0.33192716666666666 0.05700000000000005 0.029166666666666674
1 0.7836485 0.29265633333333335 0.05149999999999999 0.02266666666666667
1 0.75561725 0.28867716666666665 0.05349999999999999 0.02316666666666667
