0 0.1847928125 0.7165724166666667 0.10357799999999998 0.2586316666666666
0 0.27612987499999997 0.665725 0.12711874999999997 0.24984300000000015
0 0.37193981249999997 0.6104833333333334 0.15442575000000008 0.24356566666666662
0 0.466808 0.5533584166666667 0.17137474999999996 0.21092300000000003
0 0.5536723125 0.5009415833333334 0.17043299999999995 0.18330199999999996
0 0.6296643749999999 0.45280750000000003 0.16199999999999992 0.16399999999999998
1 0.6899143125 0.4130296666666667 0.14133325000000008 0.12711099999999997
0 0.7360809375 0.38314091666666666 0.13733324999999996 0.11111099999999996
1 0.775331125 0.3582518333333333 0.12033325000000006 0.09377799999999997
1 0.805331 0.33902975 0.10933325000000005 0.08266666666666672
1 0.8304976875000001 0.32291858333333334 0.10033349999999996 0.07422233333333333
1 0.8521643125 0.3081408333333333 0.09066675000000002 0.06666666666666671
1 0.8703310000000001 0.297363 0.08199999999999996 0.058666666666666645
0 0.8858726875 0.28714083333333335 0.07804174999999991 0.05433300000000002
1 0.89948725 0.27793233333333334 0.06862499999999994 0.04799999999999999
1 0.910456 0.2710573333333334 0.0625 0.04616666666666669
0 0.9215185 0.2636406666666667 0.06262500000000004 0.04483333333333331
1 0.7566747500000001 0.16443233333333335 0.03787499999999999 0.02099999999999999
1 0.736206 0.167599 0.03937500000000005 0.022499999999999992
0 0.71248725 0.17114066666666666 0.04037500000000005 0.024499999999999994
0 0.6846435 0.17518233333333333 0.04162500000000002 0.026666666666666672
0 0.6525810000000001 0.18043233333333333 0.04162500000000002 0.03083333333333335
1 0.615581 0.18689066666666668 0.042874999999999996 0.03433333333333333
0 0.5734560000000001 0.19589066666666669 0.050124999999999975 0.04083333333333333
0 0.52723725 0.20755733333333334 0.06362499999999999 0.04899999999999999
0 0.47558100000000003 0.22268233333333334 0.08150000000000002 0.059166666666666645
0 0.4190185 0.24180733333333335 0.09625 0.06849999999999998
0 0.358331 0.26601566666666665 0.11125000000000002 0.0831666666666667
0 0.2981435 0.2938906666666667 0.11100000000000004 0.08783333333333332
0 0.24386225 0.3204323333333333 0.11512500000000003 0.09299999999999997
