0 0.858638 0.8054553333333333 0.24649999999999994 0.18933333333333324
1 0.9705065 0.746122 0.07798699999999992 0.15266666666666662
0 0.744888 0.7017886666666667 0.29300000000000004 0.16866666666666663
1 0.628638 0.592622 0.305 0.1346666666666667
0 0.520763 0.4934553333333333 0.277 0.10266666666666663
0 0.8138880000000001 0.568122 0.22449999999999992 0.11599999999999999
1 0.90925975 0.655122 0.177987 0.14333333333333342
0 0.704513 0.4849553333333333 0.21050000000000002 0.09000000000000002
1 0.43351300000000004 0.4161775833333333 0.2330000000000001 0.07933333333333337
0 0.610263 0.40928866666666663 0.20000000000000007 0.0713333333333333
0 0.5373879375 0.34884400000000004 0.19941650000000005 0.05655566666666667
0 0.47642968750000003 0.30295516666666666 0.20900000000000013 0.046666666666666634
0 0.41484624999999997 0.26706625 0.19566675 0.04666666666666669
1 0.364429625 0.24039975 0.15166674999999996 0.03866666666666668
1 0.366263 0.35795525 0.19566675 0.06666666666666665
1 0.31659637500000004 0.31551083333333335 0.16833350000000002 0.05777766666666667
1 0.277263 0.28306625 0.14433324999999997 0.05199999999999999
0 0.2483463125 0.2582885833333334 0.12500000000000003 0.04666666666666669
0 0.3270963125 0.22151075 0.14666675000000007 0.03688866666666668
1 0.29588275 0.20022616666666665 0.10933325000000002 0.025333333333333347
1 0.1123101875 0.47448725 0.10299999999999998 0.25688900000000003
0 0.0973935625 0.42159841666666664 0.09433325000000001 0.20711133333333326
1 0.08712262500000001 0.37615408333333333 0.08399999999999999 0.16799999999999993
1 0.07947675 0.3395013333333333 0.07599999999999998 0.13516666666666666
1 0.0739455 0.31070966666666666 0.06874999999999999 0.11216666666666664
0 0.5655926250000001 0.21753041666666667 0.056499999999999995 0.07755533333333336
0 0.6205925625 0.24558608333333334 0.07450000000000001 0.094
0 0.681467625 0.27908616666666664 0.09150000000000003 0.11111099999999999
0 0.74475925 0.31769708333333335 0.10750000000000004 0.13444433333333328
0 0.8097593125 0.3620305 0.11833325000000006 0.15377799999999997
0 0.874197 0.4124193333333333 0.124 0.17511099999999996
0 0.936376875 0.46497483333333334 0.12571975000000002 0.18977766666666662
0 0.516947 0.19553041666666668 0.050333249999999996 0.064
0 0.474072 0.17825258333333333 0.05183325000000005 0.05222233333333334
0 0.4376553125 0.16480816666666667 0.04966674999999998 0.04555533333333334
0 0.405447 0.15397483333333334 0.05166650000000006 0.040666666666666657
0 0.377113625 0.14564158333333332 0.04799975000000001 0.035110999999999976
0 0.35378031249999997 0.13903041666666666 0.04466674999999998 0.03199999999999999
