0 0.3975455 0.6867726666666667 0.25199999999999995 0.29466666666666674
1 0.3314205 0.5897726666666667 0.2245 0.2413333333333334
1 0.2817955 0.5134393333333334 0.1885 0.1966666666666667
1 0.1940455 0.9050378333333333 0.22800000000000004 0.22639399999999998
1 0.12467049999999999 0.7957726666666667 0.1845 0.2766666666666667
0 0.78894475 0.31765699999999997 0.07125000000000004 0.07333333333333336
0 0.73963225 0.28749033333333335 0.07825000000000004 0.063
1 0.69238225 0.26057366666666665 0.08250000000000002 0.05533333333333332
0 0.64781975 0.23757366666666666 0.08675 0.046999999999999986
1 0.6058822500000001 0.21807366666666667 0.08850000000000002 0.04100000000000001
1 0.4565205 0.2556025 0.11966674999999999 0.0648886666666667
1 0.4216038125 0.23815816666666667 0.11366674999999998 0.05644466666666667
0 0.390853875 0.22399141666666667 0.1056665 0.05088899999999996
1 0.365853875 0.21215808333333333 0.09650025000000001 0.04666666666666666
1 0.3438955 0.20226916666666667 0.09033325000000003 0.043333333333333335
1 0.32464550000000003 0.19426925 0.08500000000000002 0.038666666666666655
1 0.6254405000000001 0.1568615 0.0581664999999999 0.01888899999999999
1 0.598148875 0.14713941666666666 0.057499999999999996 0.01733333333333334
0 0.5716488125 0.13869483333333332 0.05733350000000004 0.015555666666666634
1 0.5467321875 0.13158375 0.05566649999999995 0.014666666666666661
