0 0.8053200625 0.8352165 0.15160074999999995 0.3327056666666667
0 0.8931261875000001 0.8679378333333333 0.12617699999999987 0.28656633333333337
0 0.7040960625 0.7900188333333333 0.17890775000000014 0.35153800000000013
1 0.58968925 0.7335216666666666 0.2033899999999999 0.36283733333333335
0 0.4752825 0.6694915 0.20998100000000008 0.344005
0 0.3717043125 0.6060890833333333 0.19773999999999997 0.31010666666666664
0 0.28672318750000003 0.54645325 0.19491525 0.27746400000000004
0 0.21822037499999997 0.49372249999999995 0.16854974999999997 0.24105466666666664
0 0.1619585 0.45009408333333334 0.1506595 0.21594466666666656
0 0.121012875 0.41351733333333335 0.12469875000000002 0.18393566666666666
1 0.08998875 0.3799830833333333 0.11144600000000002 0.16465866666666668
