0 0.6413513125 0.7281721666666667 0.21590925000000005 0.3777776666666667
1 0.5210634999999999 0.64752575 0.23712124999999995 0.34379800000000005
0 0.4121846875 0.5675661666666667 0.23181824999999995 0.3030303333333334
0 0.709909125 0.49139066666666664 0.14433324999999997 0.23422199999999999
0 0.6112425 0.4355016666666667 0.15966675000000008 0.21466666666666667
0 0.519659125 0.3848351666666667 0.17199999999999993 0.18666700000000003
0 0.3229925 0.49583516666666666 0.21333325 0.2506666666666667
0 0.43932581249999997 0.3428351666666667 0.17166649999999994 0.15555533333333338
0 0.36974250000000003 0.31116841666666667 0.15900000000000003 0.129778
0 0.3151590625 0.28761291666666666 0.14333324999999997 0.11022233333333334
0 0.2187424375 0.242724 0.11899974999999999 0.08622233333333335
0 0.2537425 0.25405733333333336 0.13433350000000002 0.094667
0 0.09768874999999999 0.24293599999999999 0.05500000000000001 0.04566666666666663
0 0.13150125000000001 0.21235266666666666 0.052875000000000005 0.03266666666666668
1 0.1612825 0.18801933333333332 0.052125000000000005 0.027166666666666672
0 0.58650125 0.16862833333333332 0.09424999999999994 0.06
0 0.63975125 0.18987833333333332 0.08374999999999999 0.069
0 0.69600125 0.2151283333333333 0.07574999999999998 0.07766666666666663
0 0.7527512500000001 0.24462833333333334 0.0645 0.089
0 0.80887625 0.277295 0.059250000000000025 0.09733333333333333
0 0.8627512500000001 0.31212833333333334 0.06325000000000003 0.10600000000000004
0 0.619595 0.13550333333333334 0.06875000000000009 0.03950000000000001
0 0.66450125 0.15246166666666666 0.06475000000000009 0.04766666666666669
0 0.7119387500000001 0.172545 0.061999999999999944 0.05633333333333332
0 0.76006375 0.196545 0.05325000000000002 0.06533333333333333
0 0.80818875 0.22346166666666667 0.05074999999999996 0.07233333333333333
0 0.85450125 0.25271166666666667 0.04975000000000007 0.07833333333333334
0 0.9116262500000001 0.345545 0.06399999999999995 0.11166666666666664
0 0.89622 0.28087833333333334 0.051875000000000004 0.07866666666666666
0 0.95525125 0.3793783333333333 0.06599999999999995 0.11366666666666664
0 0.93481375 0.31146166666666664 0.05399999999999994 0.08533333333333332
