0 0.3909705 0.6878686666666667 0.2535 0.32066666666666677
0 0.25659550000000003 0.6612020000000001 0.17700000000000005 0.30533333333333335
0 0.1477205 0.6288686666666667 0.1195 0.27866666666666673
0 0.0710955 0.5975353333333333 0.079 0.23266666666666674
0 0.023509125 0.579702 0.0543455 0.20066666666666666
0 0.539431 0.70485825 0.30180725 0.3036146666666666
0 0.683105625 0.7108823333333334 0.295783 0.2883536666666666
0 0.8005755 0.7066654166666666 0.254217 0.2570279999999999
0 0.8911884999999999 0.6998463333333333 0.21300000000000008 0.2293333333333335
0 0.950110125 0.6761796666666667 0.13018649999999998 0.19666666666666666
0 0.78640825 0.40989216666666667 0.14166649999999992 0.1253333333333333
0 0.6951581874999999 0.3913365833333333 0.17766674999999998 0.12
0 0.596074875 0.3740030833333333 0.2113335 0.12222233333333327
0 0.6934916250000001 0.30166975 0.128 0.07999999999999996
1 0.6168248749999999 0.28333658333333334 0.14533325000000008 0.07377766666666663
0 0.494491625 0.35878108333333336 0.24366675 0.12577766666666668
0 0.3909915625 0.35100325 0.23733350000000003 0.12133333333333335
1 0.5291583125 0.2732255 0.16966675000000003 0.07955566666666666
1 0.445991625 0.26533650000000003 0.1746667500000001 0.07600000000000001
0 0.30215824999999996 0.34455875 0.22033350000000002 0.11777766666666667
0 0.2258249375 0.34322541666666667 0.19866649999999997 0.11644433333333337
1 0.3670749375 0.26255875 0.16933325000000005 0.08044466666666666
0 0.1632415625 0.3433365 0.17933325 0.11244466666666669
1 0.299074875 0.2613365833333333 0.16399999999999998 0.07911099999999999
0 0.10832493750000001 0.34689216666666667 0.15266675000000002 0.10622233333333331
1 0.2332415625 0.26655883333333336 0.158 0.08533333333333337
1 0.5468777499999999 0.18376558333333334 0.14033349999999994 0.05444433333333332
0 0.607127875 0.19365441666666666 0.15416675000000013 0.06399999999999997
1 0.6685445 0.20659883333333334 0.15400000000000003 0.07311099999999998
1 0.7251694375 0.22082108333333333 0.15549999999999997 0.07977799999999999
1 0.7771278749999999 0.23559891666666666 0.15049999999999997 0.08422233333333332
