0 0.84417575 0.4616383333333333 0.10949999999999993 0.15533333333333327
0 0.76848825 0.4368883333333333 0.09150000000000003 0.1476666666666666
0 0.69330075 0.4133883333333333 0.08675 0.1413333333333333
0 0.6154569999999999 0.3906383333333333 0.09637499999999999 0.13133333333333336
0 0.53905075 0.37055499999999997 0.11325000000000002 0.12100000000000005
1 0.46748825 0.354305 0.12024999999999997 0.10999999999999999
0 0.40292574999999997 0.34122166666666665 0.12274999999999997 0.10166666666666668
0 0.34711325 0.33172166666666664 0.11975000000000002 0.09099999999999997
1 0.30030075 0.324555 0.11550000000000002 0.08433333333333332
0 0.25917575 0.3187216666666667 0.10925000000000001 0.07866666666666666
1 0.22423824999999997 0.315055 0.09949999999999998 0.07266666666666666
0 0.19730075 0.3123883333333333 0.0945 0.06866666666666671
1 0.1717695 0.30984666666666666 0.09612499999999999 0.0658333333333333
1 0.23091050000000002 0.8116543333333334 0.259091 0.3487706666666667
