0 0.5760210625 0.7852445 0.21724150000000003 0.26781599999999994
0 0.647141625 0.7065088333333334 0.18448275000000003 0.21149433333333323
1 0.7016884999999999 0.6394693333333333 0.16649999999999998 0.16999999999999993
0 0.7449385 0.5853026666666666 0.13749999999999996 0.126
0 0.7731885000000001 0.5468026666666667 0.11550000000000005 0.10133333333333339
0 0.7936885 0.516886 0.10350000000000004 0.09133333333333338
0 0.8114385 0.4892193333333333 0.09375 0.08300000000000002
0 0.5806782500000001 0.3902176666666667 0.10025000000000006 0.056333333333333346
0 0.6116157500000001 0.37663433333333335 0.08725000000000005 0.04799999999999999
0 0.63505325 0.36646766666666664 0.07574999999999998 0.041666666666666685
0 0.7772825 0.38168966666666665 0.06500000000000006 0.03866666666666668
1 0.4863146875 0.8621529166666666 0.2136364999999999 0.27335833333333326
1 0.7070945 0.34936541666666665 0.05683350000000009 0.027110999999999996
1 0.6886986875000001 0.3560320833333333 0.06416675000000005 0.02999999999999997
1 0.6674278125 0.364032 0.0653332499999999 0.03288866666666673
0 0.047732500000000004 0.5973693333333333 0.076 0.1233333333333333
1 0.12752875 0.571077 0.1085 0.15333333333333338
1 0.21065375 0.5337436666666667 0.08850000000000002 0.126
1 0.27977875 0.5049103333333333 0.10200000000000004 0.1146666666666667
1 0.34477875 0.478077 0.10899999999999999 0.09866666666666662
1 0.40427874999999996 0.455577 0.11499999999999999 0.08733333333333332
1 0.45765374999999997 0.43524366666666664 0.11399999999999999 0.07533333333333331
1 0.5041329999999999 0.41871566666666665 0.11100000000000004 0.06733333333333336
1 0.544008 0.4046323333333333 0.10700000000000004 0.059333333333333294
