1 0.1770673125 0.6400720833333333 0.14033349999999997 0.20533333333333337
0 0.24673406250000002 0.5627388333333333 0.15066675000000004 0.17288866666666658
0 0.3126506875 0.4936276666666667 0.1556665 0.1395556666666667
1 0.183150625 0.4842943333333334 0.10199999999999998 0.1133333333333334
1 0.23956725 0.4328498333333333 0.10999999999999999 0.09466666666666668
0 0.2887340625 0.3904054166666666 0.10400000000000001 0.07111100000000004
0 0.370234 0.43607216666666665 0.14866674999999996 0.10800000000000004
1 0.124734 0.5394054166666666 0.09433349999999999 0.13244433333333322
1 0.3349006875 0.3529610833333333 0.11633325000000005 0.06488900000000003
1 0.418984 0.38796091666666666 0.1493335 0.08711099999999994
0 0.46333825 0.3485166666666667 0.136 0.07066666666666666
0 0.37990075 0.3196833333333333 0.10900000000000004 0.050000000000000044
1 0.41658825 0.29309999999999997 0.10349999999999998 0.042333333333333334
1 0.49821325000000005 0.3176833333333333 0.12400000000000005 0.05800000000000005
1 0.5276507500000001 0.2926833333333333 0.11525000000000002 0.04899999999999999
1 0.44858825 0.27126666666666666 0.09925 0.03766666666666668
0 0.47690075 0.25284999999999996 0.09475 0.030333333333333296
0 0.55315075 0.2719333333333333 0.10400000000000009 0.04099999999999998
1 0.57333825 0.2551833333333333 0.09625000000000006 0.03766666666666668
0 0.50065075 0.23751666666666665 0.09025 0.02833333333333332
0 0.59327575 0.23901666666666666 0.08950000000000002 0.03533333333333333
0 0.112192375 0.38426649999999996 0.057749999999999996 0.06366666666666665
1 0.1515465 0.3530165833333333 0.06308349999999997 0.05499999999999999
0 0.18954649999999998 0.32493325 0.065 0.046777999999999986
0 0.225588125 0.30001658333333336 0.06974999999999998 0.039222333333333304
1 0.2604215 0.27740533333333334 0.07216674999999997 0.03500000000000003
0 0.293234 0.25779425 0.07133324999999996 0.02822233333333332
0 0.3232131875 0.24076658333333334 0.07158349999999997 0.025999999999999968
0 0.3508381875 0.22601658333333333 0.07108324999999993 0.021111333333333315
0 0.3774840625 0.21332208333333333 0.06974999999999998 0.018777666666666665
0 0.4037756875 0.20101658333333333 0.06866675 0.017111333333333312
1 0.64064025 0.20378033333333334 0.07250000000000001 0.025333333333333347
0 0.6523902500000001 0.19528033333333333 0.06399999999999995 0.020666666666666667
1 0.66064025 0.18932200000000002 0.060250000000000026 0.018166666666666664
0 0.6675777500000001 0.18415533333333334 0.05787500000000001 0.016999999999999987
0 0.5802652500000001 0.18865533333333334 0.07937499999999997 0.02366666666666667
0 0.5950465 0.18161366666666667 0.07137499999999997 0.01899999999999999
0 0.6068902500000001 0.17661366666666667 0.06549999999999989 0.017500000000000016
0 0.617359 0.17190533333333333 0.05937500000000007 0.016166666666666663
1 0.6746556874999999 0.7421494166666667 0.26325299999999996 0.268273
0 0.7117038125 0.6256835000000001 0.2168675 0.21445766666666666
1 0.733390625 0.5369284166666667 0.18493975000000007 0.167068
1 0.7487520625 0.470061 0.1566265000000001 0.13413666666666657
1 0.7584185 0.42007799999999995 0.13849999999999996 0.10633333333333334
0 0.7650435 0.38057799999999997 0.12124999999999997 0.08866666666666662
1 0.7699185 0.34891133333333335 0.10824999999999996 0.0736666666666666
1 0.7739185 0.324328 0.09850000000000003 0.06366666666666665
0 0.776481 0.3029113333333333 0.09075 0.05666666666666664
