1 0.70324125 0.4770373333333333 0.251 0.3626666666666667
1 0.50592875 0.7021206666666667 0.2790000000000001 0.3916666666666667
0 0.40336625 0.8045373333333334 0.26400000000000007 0.372
1 0.30542874999999997 0.8750441666666666 0.23324999999999999 0.28446266666666664
1 0.21786624999999998 0.9137686666666667 0.16899999999999996 0.20512933333333327
1 0.15086625 0.9419353333333333 0.1135 0.13912933333333333
1 0.7777829375 0.38103733333333334 0.21483324999999998 0.3193333333333334
1 0.8324286875 0.30359291666666666 0.18800000000000006 0.2777776666666667
1 0.8731995 0.24353724999999998 0.16083324999999993 0.2373333333333333
0 0.90260225 0.19742133333333334 0.14274999999999993 0.206
1 0.78610225 0.05729516666666667 0.16375000000000006 0.13050466666666666
1 0.73903975 0.08246183333333333 0.18125000000000002 0.17117133333333334
1 0.68847725 0.12292133333333334 0.20500000000000007 0.19833333333333333
1 0.6240397500000001 0.17887966666666666 0.22499999999999998 0.2348333333333333
1 0.5444147500000001 0.2517546666666666 0.242 0.2723333333333333
0 0.45141475000000003 0.34225466666666665 0.24025000000000002 0.315
0 0.35460225 0.44333799999999995 0.2235 0.3386666666666666
1 0.26472725 0.542338 0.19275000000000003 0.342
1 0.18941475 0.6325046666666667 0.159 0.33000000000000007
0 0.12991475 0.7082546666666667 0.13374999999999998 0.30533333333333346
1 0.08436275 0.7701296666666667 0.11375 0.2818333333333334
