1 0.267667625 0.5408945833333334 0.18333325 0.1675556666666666
0 0.3217509375 0.46189475 0.17833350000000003 0.13822200000000007
1 0.3700010625 0.39645025 0.16333325000000004 0.10133333333333333
0 0.410917625 0.346228 0.14933325000000003 0.07688900000000004
0 0.44408437500000003 0.30545025000000003 0.13366675 0.06088899999999997
1 0.68220925 0.7465056666666666 0.23650000000000004 0.22399999999999987
0 0.6569388125000001 0.9078375833333333 0.29350000000000004 0.2173276666666667
0 0.6991675625 0.6167834166666666 0.20233325000000002 0.18333333333333324
0 0.709167625 0.51733925 0.17583325000000005 0.138
1 0.713667625 0.44189466666666666 0.15366674999999996 0.11377766666666672
0 0.715251 0.38278358333333334 0.13333325000000007 0.091111
0 0.716251 0.3382279166666667 0.11866650000000012 0.07466666666666666
