1 0.08372724999999999 0.6778333333333333 0.1005 0.26
0 0.15822724999999999 0.6121666666666666 0.12449999999999999 0.24133333333333334
1 0.23635225 0.5445 0.14050000000000004 0.21466666666666662
0 0.31222725 0.4825 0.1565 0.184
1 0.38522725 0.42666666666666664 0.16749999999999998 0.15200000000000002
0 0.06772724999999999 0.5268333333333333 0.0655 0.15666666666666668
1 0.12847725 0.47683333333333333 0.0765 0.14400000000000002
1 0.18960225 0.42933333333333334 0.09 0.12333333333333335
1 0.25060225 0.38516666666666666 0.10250000000000004 0.11066666666666669
1 0.31047725000000004 0.3463333333333333 0.11199999999999999 0.09333333333333332
1 0.54847725 0.3123889166666667 0.14500000000000002 0.08977766666666664
0 0.586060625 0.28844441666666665 0.13599975000000009 0.07688899999999999
1 0.61797725 0.26972216666666665 0.12666674999999994 0.06799999999999998
0 0.6443105625000001 0.25419441666666664 0.11299999999999999 0.06133333333333332
1 0.45814393750000004 0.26227775 0.1136667500000001 0.0586666666666667
1 0.4967273125 0.2435 0.11100000000000004 0.05199999999999999
1 0.5312273125 0.22883333333333333 0.10433325000000004 0.04444433333333331
1 0.5609667500000001 0.216389 0.10162500000000008 0.04049999999999998
1 0.665748 0.24163900000000002 0.10775000000000001 0.055333333333333345
1 0.5861542500000001 0.205889 0.09450000000000003 0.036000000000000004
1 0.6851855 0.23126400000000003 0.10150000000000003 0.05000000000000002
0 0.70185225 0.22227791666666666 0.09250024999999995 0.04688866666666669
1 0.717143875 0.21405558333333333 0.08616650000000003 0.04377766666666666
1 0.6087689375 0.1975 0.09166675000000002 0.03444433333333333
1 0.6281021875 0.19038883333333334 0.08699999999999997 0.03222233333333335
1 0.64710225 0.18411108333333331 0.08550000000000002 0.030888666666666675
1 0.7127055 0.7803169999999999 0.262 0.32333333333333336
1 0.7643305 0.668317 0.21550000000000002 0.26
1 0.7985805 0.5806503333333333 0.18400000000000005 0.21199999999999997
1 0.8224555 0.513817 0.15750000000000008 0.172
1 0.8385805000000001 0.462817 0.13850000000000007 0.14066666666666666
1 0.8503305000000001 0.422817 0.12250000000000005 0.11800000000000005
1 0.8589555625 0.390706 0.10916674999999998 0.10511100000000001
1 0.8650805625 0.3641504166666667 0.09849999999999992 0.0895556666666667
1 0.8699555625 0.3425949166666667 0.09116650000000004 0.07911099999999999
1 0.8747473125 0.32492825000000003 0.08350000000000002 0.06977766666666668
0 0.878163875 0.3092615833333333 0.07633325000000002 0.06377766666666668
1 0.8809138750000001 0.29592825 0.07216674999999995 0.055999999999999994
1 0.883330625 0.2845949166666667 0.06766675 0.051555666666666666
1 0.8854139375 0.275206 0.06500000000000006 0.04933333333333334
1 0.0304943125 0.40564041666666667 0.04466675 0.08333333333333331
0 0.037036 0.3617515 0.041 0.0606666666666667
1 0.069786 0.3740848333333333 0.0425 0.07822233333333328
1 0.0713276875 0.33597366666666667 0.03833325 0.05666699999999997
0 0.106911 0.31002925000000003 0.03966675 0.05133333333333334
0 0.1103693125 0.34369591666666666 0.04533324999999998 0.07044433333333328
1 0.14266106250000002 0.28652916666666667 0.04050000000000002 0.043333333333333335
1 0.151286 0.3150291666666667 0.05100000000000002 0.061555666666666675
1 0.192411 0.28802925 0.05866650000000001 0.055999999999999994
0 0.1782026875 0.2643625 0.04666675000000001 0.039333333333333304
1 0.2331193125 0.2639735833333333 0.06266650000000004 0.04733333333333331
1 0.273202625 0.2432515 0.06833349999999996 0.04022233333333333
1 0.21420268750000002 0.24397375 0.05183325 0.03377766666666668
1 0.2491193125 0.22614025000000001 0.05316649999999998 0.03
1 0.2822026875 0.2093625 0.05616650000000001 0.0268886666666667
1 0.311494375 0.22475141666666668 0.0695 0.03666666666666668
1 0.34691099999999997 0.20864041666666666 0.07149999999999995 0.03355566666666665
0 0.313619375 0.19491808333333333 0.059 0.02377800000000002
0 0.344244375 0.18230708333333334 0.061166749999999936 0.02044433333333337
1 0.3803693125 0.19508483333333332 0.07400000000000001 0.02933333333333335
0 0.412161 0.18330708333333334 0.07200000000000001 0.026444666666666644
1 0.3743693125 0.17152925 0.06233325000000001 0.018222333333333313
1 0.4416610625 0.17314033333333334 0.07033325000000001 0.023111333333333317
0 0.401786 0.16219591666666666 0.06266675000000005 0.017110999999999987
1 0.467036 0.16458483333333335 0.06733324999999996 0.021999666666666667
1 0.48945262500000003 0.15714025 0.06266674999999994 0.01933333333333334
1 0.4267025625 0.1538625 0.06066675000000005 0.014444333333333365
1 0.4508276875 0.14725141666666666 0.0595 0.012666666666666687
1 0.4738693125 0.14169591666666667 0.05516650000000001 0.011333333333333334
1 0.510036 0.15191816666666666 0.05683350000000004 0.017555666666666664
1 0.449104 0.3800133333333333 0.16225 0.1246666666666667
1 0.503104 0.34301333333333334 0.15550000000000003 0.10666666666666669
1 0.3651665 0.31393 0.11574999999999996 0.08000000000000002
1 0.41491649999999997 0.2857633333333333 0.11674999999999996 0.069
