0 0.1169965 0.8661958333333333 0.22049999999999997 0.29018333333333335
0 0.1983715 0.7474833333333333 0.23350000000000004 0.32266666666666655
0 0.2691215 0.6199833333333333 0.23150000000000004 0.26999999999999985
0 0.3331215 0.50865 0.22350000000000003 0.21933333333333332
0 0.38687150000000003 0.4174 0.20999999999999996 0.17366666666666664
0 0.43112162500000006 0.34737225 0.19633325000000007 0.1346666666666667
0 0.4688299375 0.29481666666666667 0.17650000000000005 0.10800000000000001
0 0.4998925 0.2559 0.15800000000000008 0.08666666666666664
0 0.76988725 0.8970019166666667 0.24277100000000007 0.2262196666666667
0 0.8080665 0.7428346666666666 0.20550000000000002 0.22666666666666668
0 0.8124415 0.6157789166666667 0.18466650000000007 0.19333333333333325
0 0.8104728125 0.5175845833333333 0.16099999999999992 0.16066666666666662
0 0.8061289375 0.44080675 0.1451667499999999 0.136
0 0.8001915 0.38116799999999995 0.13 0.10866666666666663
0 0.795254 0.33550125 0.11633324999999994 0.0952223333333333
0 0.7916810625 0.29979291666666663 0.1068332500000001 0.07727766666666663
0 0.7878039375 0.27102950000000003 0.10045824999999997 0.07277766666666668
0 0.783408125 0.24533491666666665 0.09300000000000008 0.06155566666666665
0 0.5260404999999999 0.22612641666666666 0.1374999999999999 0.06977766666666665
0 0.546748875 0.20268200000000003 0.122 0.0588886666666667
0 0.5642488125 0.183182 0.10916650000000006 0.05088899999999999
0 0.5788320625 0.16651533333333335 0.09850000000000003 0.044444333333333336
0 0.59081125 0.15289033333333335 0.08737499999999998 0.038500000000000006
0 0.7794988125 0.22551533333333335 0.08466675000000001 0.05044466666666664
