0 0.80122 0.22956466666666664 0.09124999999999994 0.060000000000000026
0 0.7567825 0.22681466666666666 0.09099999999999997 0.062333333333333324
0 0.7085950000000001 0.224148 0.08925000000000005 0.058666666666666645
0 0.657595 0.225148 0.08199999999999996 0.05799999999999997
0 0.604095 0.2274813333333333 0.07625000000000004 0.058666666666666645
0 0.54847 0.232148 0.06500000000000006 0.06066666666666665
0 0.4934075 0.23831466666666665 0.05999999999999994 0.062333333333333324
0 0.439095 0.2467313333333333 0.06624999999999998 0.06633333333333333
0 0.38703250000000006 0.25681466666666664 0.07224999999999998 0.06966666666666665
0 0.33909500000000004 0.2680646666666666 0.07524999999999998 0.07333333333333333
0 0.2949075 0.28014799999999995 0.08000000000000002 0.07766666666666666
0 0.2542825 0.29131466666666667 0.08100000000000004 0.07866666666666666
0 0.21653250000000002 0.3042313333333333 0.07850000000000001 0.08033333333333331
0 0.18297 0.31698133333333334 0.07349999999999998 0.07599999999999996
0 0.15342825 0.32831466666666664 0.06899999999999999 0.07366666666666666
0 0.12667825 0.3394813333333333 0.06949999999999999 0.07500000000000001
0 0.10311575 0.3490646666666667 0.06399999999999997 0.07166666666666666
0 0.0826575 0.35725908333333334 0.06249999999999999 0.07044466666666671
0 0.063595 0.3658146666666667 0.060916750000000006 0.068
0 0.048699187500000005 0.37220358333333337 0.051833250000000004 0.060889000000000026
0 0.7450144375000001 0.38992974999999996 0.14266650000000003 0.129778
0 0.658431125 0.39537425 0.12766674999999994 0.13511099999999998
0 0.56809775 0.40281875 0.10733324999999994 0.14088900000000004
0 0.47826443750000003 0.411152 0.0986665000000001 0.13866666666666666
0 0.39109775 0.4214853333333334 0.11266675000000004 0.14311133333333337
0 0.3092644375 0.43259658333333334 0.11833350000000001 0.141333
0 0.23818099999999998 0.44392974999999996 0.11499999999999996 0.13555566666666663
0 0.17983675 0.45413191666666664 0.10499975000000003 0.12755533333333335
0 0.1362325625 0.4666873333333333 0.08533324999999999 0.11377766666666661
0 0.10544100000000001 0.4711873333333333 0.09000000000000001 0.11066666666666664
0 0.0736285 0.4786873333333333 0.08725 0.10633333333333328
