0 0.30034125 0.8937161666666666 0.3005 0.27323433333333336
0 0.17909125 0.6775990000000001 0.1845 0.32866666666666666
0 0.09934124999999999 0.7834323333333333 0.1635 0.33799999999999997
0 0.26596625 0.5682656666666667 0.20650000000000002 0.298
0 0.35296625 0.46609900000000004 0.2155 0.2466666666666667
0 0.43184124999999995 0.3799323333333333 0.2099999999999999 0.1993333333333333
0 0.49796624999999994 0.31168233333333334 0.19099999999999995 0.16500000000000004
0 0.5502995625 0.25926566666666667 0.17399999999999993 0.13399999999999998
0 0.5905078125 0.2219324166666667 0.16000000000000003 0.10866666666666669
0 0.623091125 0.19309916666666666 0.15016675000000002 0.09155566666666665
0 0.6505494999999999 0.16865475000000002 0.13316650000000008 0.08022200000000002
0 0.5238760625000001 0.6501460833333333 0.29638549999999997 0.35020066666666666
0 0.597972375 0.5286602499999999 0.26024074999999997 0.28192766666666674
0 0.653658125 0.43468816666666665 0.2216667499999999 0.22399999999999998
0 0.6937415 0.36379933333333336 0.19033349999999993 0.1773333333333333
0 0.7236581875 0.3085771666666667 0.1653334999999999 0.14622233333333332
0 0.7444915624999999 0.26779925 0.14200025000000005 0.11777766666666667
0 0.10902925 0.30128716666666666 0.08649999999999998 0.11222233333333331
0 0.16769599999999998 0.2480095 0.08733325 0.08844466666666664
0 0.22136268750000002 0.20512058333333333 0.09366649999999999 0.07333333333333333
0 0.2728626875 0.16906508333333334 0.09716675000000002 0.06155566666666665
0 0.32119600000000004 0.1391205 0.09866674999999997 0.05044433333333331
0 0.3659043125 0.11412058333333334 0.10149999999999998 0.04400000000000001
0 0.6039825 0.052737000000000006 0.05337499999999995 0.026333333333333334
0 0.64051375 0.06419533333333334 0.04975000000000007 0.028166666666666673
0 0.67857625 0.07819533333333334 0.04937499999999995 0.0325
0 0.71807625 0.095237 0.047250000000000014 0.03666666666666667
0 0.7562325 0.11377866666666667 0.04037500000000005 0.038833333333333345
0 0.79357625 0.133612 0.03962500000000002 0.04233333333333335
0 0.8310449999999999 0.15565366666666666 0.03849999999999998 0.04583333333333334
0 0.8666075 0.179487 0.040124999999999966 0.050666666666666665
0 0.8989199999999999 0.202737 0.03787499999999999 0.04883333333333334
0 0.9251387499999999 0.22223700000000002 0.03287499999999999 0.044999999999999984
