0 0.7756815 0.9017835833333333 0.17530100000000004 0.2305693333333334
0 0.6457869375 0.86221925 0.25391575 0.31169400000000014
0 0.51529 0.7893100833333333 0.27650600000000003 0.3887550000000001
0 0.410018875 0.690314 0.25481925 0.34297200000000005
0 0.3305009375 0.60336625 0.22951800000000003 0.28192766666666674
0 0.8226694999999999 0.690314 0.12771100000000002 0.28433733333333333
0 0.7306514375 0.6262578333333333 0.15120475 0.2746986666666667
0 0.6338140624999999 0.5571815833333333 0.1789155 0.24819266666666678
0 0.5444315 0.49242233333333335 0.18373500000000004 0.20923699999999995
0 0.4672478125 0.43810525 0.18012050000000002 0.1751003333333333
0 0.4024888125 0.3945309166666667 0.17228925 0.14939766666666665
0 0.3511333125 0.3595911666666667 0.1554215 0.124498
0 0.2726695 0.5298723333333334 0.20120474999999996 0.22730933333333342
0 0.22792449999999997 0.4760101666666667 0.17355825 0.18634533333333336
0 0.31085225 0.33279058333333333 0.14366675 0.10577800000000004
0 0.1946855625 0.43345725 0.15366649999999998 0.15911133333333333
0 0.151768875 0.37356833333333334 0.119 0.11511099999999996
0 0.1710189375 0.40001275000000003 0.13433325 0.13244433333333333
0 0.13660225 0.35145725 0.10866674999999999 0.10488900000000001
0 0.27697725 0.31090166666666663 0.12983325 0.08977800000000002
0 0.2501021875 0.2936794166666667 0.11933325 0.08311099999999999
0 0.2275189375 0.2791239166666667 0.10866649999999997 0.07555533333333336
0 0.124123125 0.3314571666666667 0.09791649999999999 0.09111099999999994
0 0.2077689375 0.2664573333333333 0.09933325000000001 0.06755533333333336
0 0.11376900000000001 0.315596 0.08825 0.07866666666666666
0 0.190644 0.257346 0.08875 0.060666666666666674
0 0.1763315 0.24942933333333334 0.08050000000000002 0.05799999999999997
0 0.10583150000000001 0.30292933333333333 0.08175 0.0723333333333333
0 0.09805025 0.2920126666666667 0.07675000000000001 0.0661666666666667
0 0.1640815 0.24201266666666665 0.07383324999999999 0.051444333333333314
0 0.1529564375 0.23515166666666668 0.06908324999999998 0.04888866666666669
0 0.09125849999999999 0.28276266666666666 0.07125000000000001 0.0611666666666667
0 0.44945549999999995 0.196177 0.08637500000000004 0.04000000000000001
0 0.48523675 0.20684366666666665 0.09375 0.04566666666666666
0 0.5272575625 0.22005199999999997 0.0958750000000001 0.05183333333333334
0 0.5722055 0.2366353333333333 0.09499999999999997 0.05933333333333335
0 0.6217055 0.2568853333333333 0.09412500000000001 0.06600000000000003
0 0.67503875 0.2815103333333333 0.08862500000000006 0.07633333333333334
0 0.7303825 0.30996866666666667 0.08124999999999993 0.08616666666666661
0 0.7871950000000001 0.341302 0.07099999999999995 0.09783333333333338
