0 0.6207626875 0.8600125833333333 0.31638425 0.3201506666666667
0 0.90654425 0.7774639166666666 0.18455749999999993 0.2962963333333334
0 0.7379943125 0.5681105 0.22598874999999996 0.27495299999999995
0 0.5769774375 0.3939108333333333 0.19303200000000004 0.18581300000000006
0 0.4598978125 0.28308041666666667 0.13620175 0.11202766666666666
0 0.2029189375 0.7109228333333334 0.17419975 0.19836766666666672
0 0.044447 0.533002 0.077 0.21000000000000002
0 0.102447 0.4841686666666667 0.0785 0.1986666666666666
0 0.165072 0.43333533333333335 0.07100000000000001 0.1853333333333333
0 0.384405375 0.21700183333333334 0.09799999999999998 0.07066666666666666
0 0.3361553125 0.17744625000000003 0.07166674999999995 0.04755566666666666
0 0.3048220625 0.1515575 0.05966650000000001 0.03644433333333333
0 0.242238625 0.2375574166666667 0.06066675000000002 0.07022233333333333
0 0.22365537500000002 0.20033516666666668 0.045999999999999985 0.04888866666666669
0 0.211572 0.17389083333333333 0.03900000000000001 0.04088899999999998
0 0.13899899999999998 0.18629366666666666 0.04837499999999999 0.020833333333333343
0 0.1090615 0.207252 0.049375 0.022833333333333317
0 0.07996774999999999 0.22871033333333332 0.047249999999999986 0.024499999999999994
0 0.05096775 0.2517103333333333 0.044625 0.02733333333333335
