0 0.4829130625 0.8460776666666667 0.513253 0.2160643333333334
0 0.6151419375 0.70109775 0.43734950000000006 0.1654620000000001
0 0.712555625 0.57934 0.33733349999999995 0.1253333333333333
0 0.7783888750000001 0.49189575 0.25566674999999994 0.09600000000000003
0 0.4279805 0.391078 0.1215 0.15233333333333332
0 0.519543 0.33549466666666666 0.09175000000000005 0.123
0 0.4621055 0.27166133333333337 0.09150000000000003 0.09233333333333335
0 0.379668 0.3164113333333333 0.10574999999999996 0.09999999999999998
0 0.532418 0.23966133333333334 0.069 0.07933333333333331
0 0.590918 0.21349466666666667 0.05874999999999997 0.06733333333333333
0 0.5939805 0.29241133333333336 0.07525000000000004 0.1006666666666666
0 0.6387929999999999 0.19574466666666668 0.05974999999999997 0.06033333333333335
0 0.6524179999999999 0.26149466666666665 0.07350000000000001 0.08433333333333334
0 0.6797513749999999 0.18502241666666666 0.057583250000000086 0.04966666666666669
0 0.698251375 0.23863341666666665 0.07050000000000001 0.07111099999999998
0 0.7339596875 0.22096675 0.06833325000000001 0.061555666666666675
0 0.7630846250000001 0.20768891666666667 0.06600000000000006 0.05399999999999999
0 0.786168 0.19607783333333334 0.0605 0.04911133333333334
0 0.711751375 0.17457783333333332 0.053999750000000124 0.044222333333333336
0 0.7386263125 0.1657445 0.05583349999999998 0.044888999999999984
0 0.2772305 0.3767723333333333 0.12424999999999997 0.13
0 0.1263555 0.33235566666666666 0.08274999999999999 0.04966666666666664
0 0.17210550000000002 0.29302233333333333 0.0995 0.04899999999999999
0 0.23416800000000002 0.25535566666666665 0.09399999999999997 0.04000000000000001
0 0.293418 0.22177233333333335 0.09225 0.030666666666666675
0 0.352418 0.19427233333333332 0.09025000000000005 0.02933333333333335
0 0.4053555 0.170439 0.09825 0.027999999999999997
0 0.4554805 0.15160566666666667 0.08925 0.028666666666666646
0 0.5018555 0.13735566666666665 0.08675 0.027666666666666673
0 0.543543 0.12685566666666667 0.07599999999999996 0.024000000000000007
0 0.578293 0.11835566666666666 0.06174999999999997 0.021999999999999992
0 0.6121055 0.11252233333333334 0.04949999999999999 0.01999999999999999
0 0.643563875 0.10868891666666666 0.04708325000000002 0.022333333333333344
0 0.667334625 0.10432791666666666 0.0447502500000001 0.023000000000000007
0 0.6901263125 0.10113341666666667 0.0431665 0.023222333333333317
0 0.7097096875 0.09910558333333333 0.041583499999999884 0.021778000000000006
0 0.727490875 0.097578 0.040999999999999925 0.020333333333333328
0 0.7450638125 0.09664724999999999 0.04583325000000005 0.018833333333333327
0 0.75898725 0.1565395 0.05416674999999993 0.04444433333333331
0 0.804320625 0.18726175 0.05733325 0.04555533333333331
0 0.7759455625 0.149484 0.05066674999999998 0.037778000000000006
0 0.7916123125 0.14581733333333333 0.049166749999999926 0.037778000000000006
0 0.8218205625 0.18237291666666666 0.05283349999999998 0.04266666666666666
0 0.8379455625 0.17442833333333335 0.056833249999999946 0.037111000000000005
0 0.8116539375 0.14553950000000002 0.06116650000000001 0.04022200000000001
0 0.850153875 0.16637291666666668 0.05083325000000005 0.04022233333333333
0 0.8253205 0.13887283333333333 0.0416667500000002 0.031778000000000015
0 0.860028875 0.16281733333333331 0.04583349999999997 0.03533333333333333
0 0.8341539375 0.13576175000000001 0.038833499999999965 0.02955566666666666
