0 0.5673155 0.82143075 0.26166675 0.33377766666666664
0 0.6457321875 0.7047641666666666 0.23433325000000005 0.28355566666666676
0 0.7036488125 0.6080975 0.20100000000000007 0.21955533333333332
0 0.7423988125000001 0.5360975833333333 0.17266649999999995 0.1706666666666667
0 0.7724821875 0.47609741666666666 0.15366674999999996 0.14355566666666658
0 0.7973155 0.42609749999999996 0.13266674999999994 0.12400033333333332
0 0.8146488125 0.38843075 0.1160000000000001 0.10400000000000004
0 0.119176 0.8270553333333334 0.14400000000000002 0.2686666666666666
0 0.204926 0.7455553333333333 0.15349999999999997 0.2626666666666667
0 0.294676 0.6608886666666667 0.171 0.2466666666666668
0 0.380801 0.5790553333333334 0.177 0.21133333333333343
0 0.457551 0.506722 0.18100000000000005 0.17466666666666664
0 0.5248635 0.44813866666666663 0.1685000000000001 0.14300000000000002
0 0.57996775 0.39738866666666667 0.1543335 0.11911100000000002
0 0.626134375 0.35705525 0.133 0.0982223333333333
0 0.6596344375000001 0.32749975 0.1166665 0.07955600000000002
0 0.686301125 0.3036109166666667 0.11100024999999991 0.07155533333333336
0 0.069992375 0.488212 0.057000000000000016 0.12733333333333335
0 0.12340912500000001 0.44426741666666664 0.06566675000000001 0.11533333333333334
0 0.028492375 0.43754525 0.048333499999999995 0.07533333333333336
0 0.0718256875 0.4035451666666667 0.044500000000000005 0.06933333333333336
0 0.11520075 0.36998966666666666 0.049166499999999974 0.06777766666666674
0 0.1594508125 0.33704524999999996 0.05133325 0.06133333333333335
0 0.17895975 0.401189 0.07524999999999998 0.10233333333333333
0 0.23383475 0.36135566666666663 0.08074999999999996 0.09066666666666662
0 0.28708475 0.32543900000000003 0.08674999999999997 0.07733333333333337
0 0.33739725 0.29510566666666666 0.09100000000000003 0.06533333333333335
0 0.38427225 0.26885566666666666 0.09675 0.056333333333333346
0 0.42752225 0.24635566666666667 0.09550000000000003 0.047333333333333366
