0 0.7702769375 0.8800814166666666 0.22891550000000005 0.2032126666666666
0 0.778247625 0.7135322500000001 0.2102409999999999 0.2120483333333334
0 0.7754095 0.5677993333333333 0.19000000000000006 0.19200000000000006
0 0.766722 0.452716 0.17125 0.15933333333333338
0 0.756025 0.36511566666666667 0.15149999999999997 0.12866666666666665
0 0.7471915 0.2995043333333333 0.13549999999999995 0.1076666666666666
0 0.22646868750000002 0.65808675 0.23795200000000005 0.2706826666666666
0 0.1784265 0.80909075 0.23253000000000001 0.3092370000000001
0 0.2781735 0.5190586666666667 0.22771075 0.21365433333333333
0 0.32622175 0.4054743333333333 0.21150000000000002 0.15666666666666662
0 0.36784675 0.319141 0.191 0.11333333333333334
0 0.40247175 0.25297433333333336 0.17166675000000003 0.08933333333333335
0 0.429305125 0.20241875 0.15299999999999997 0.06711133333333333
0 0.5413884375 0.17275208333333333 0.06766675 0.06666666666666668
0 0.7269092500000001 0.207252 0.119 0.07633333333333334
0 0.72072175 0.17558533333333332 0.11175000000000002 0.06933333333333333
