0 0.36943975 0.826832 0.2415 0.3355573333333334
0 0.27800225 0.746526 0.21675000000000003 0.30000000000000004
0 0.16543975 0.6191093333333333 0.14750000000000002 0.19066666666666676
0 0.09831475 0.7096093333333333 0.131 0.22266666666666668
0 0.0405798125 0.8236093333333333 0.09593975 0.2486666666666666
0 0.05496075 0.45847041666666666 0.07100000000000001 0.09011133333333332
0 0.03333575 0.4217483333333333 0.058750000000000004 0.07
0 0.8936479375 0.64794975 0.11699999999999999 0.21866666666666668
0 0.8155645625 0.5711719166666667 0.10566675000000003 0.18533333333333335
0 0.743314625 0.5130608333333333 0.11699999999999999 0.156889
0 0.66248125 0.46306075 0.1346664999999999 0.14666666666666672
0 0.5808979375000001 0.42272750000000003 0.12366674999999994 0.12888899999999998
0 0.50923125 0.39350525000000003 0.13133350000000005 0.11244433333333331
0 0.44498125 0.36961625000000004 0.12999999999999995 0.0982223333333333
0 0.38948125 0.35039425 0.1259997499999999 0.08800000000000008
0 0.34164787500000005 0.33461633333333335 0.12066674999999999 0.07733333333333331
0 0.300689625 0.3219496666666667 0.11300000000000002 0.06888900000000003
0 0.266300125 0.31173358333333334 0.10333350000000002 0.06444433333333333
0 0.238258375 0.3023445 0.09716675 0.062
0 0.2131750625 0.29417791666666665 0.0935 0.05755566666666673
0 0.1901750625 0.28806675000000004 0.08499999999999999 0.051333333333333286
0 0.1705916875 0.28351125 0.07866674999999998 0.047333000000000014
0 0.153800125 0.2791779166666667 0.072 0.04488899999999996
0 0.1393416875 0.275289 0.06500000000000003 0.040888666666666684
0 0.06335075 0.31545633333333334 0.041166749999999995 0.034222333333333355
0 0.0341006875 0.34028975 0.040833249999999995 0.03933333333333339
0 0.00999225 0.30651191666666666 0.0217675 0.022888999999999993
0 0.030434062499999998 0.2901230833333333 0.029499999999999995 0.021999999999999964
0 0.052934125 0.27262308333333335 0.028833250000000005 0.02133333333333337
0 0.07272575 0.2577896666666667 0.024833250000000008 0.01555566666666669
