0 0.36989974999999997 0.8865555 0.20750000000000002 0.26055566666666663
0 0.23677475 0.9180555 0.16099999999999998 0.19322233333333327
0 0.50964975 0.84558325 0.26150000000000007 0.3305556666666667
0 0.6281497500000001 0.776111 0.2500000000000001 0.3693333333333333
0 0.71389975 0.6927776666666667 0.22799999999999998 0.31200000000000006
0 0.77514975 0.6229443333333333 0.1954999999999999 0.258
0 0.817358125 0.56866675 0.16799999999999993 0.21200000000000002
0 0.8491914375 0.52677775 0.14800000000000002 0.18177766666666667
0 0.257288 0.4094706666666667 0.0875 0.14566666666666667
0 0.3281005 0.37638733333333335 0.10550000000000004 0.133
0 0.4072255 0.3424706666666667 0.134 0.122
0 0.47841300000000003 0.3141373333333334 0.11499999999999999 0.09800000000000003
0 0.5344755 0.2942206666666667 0.11974999999999997 0.08866666666666667
0 0.584663 0.27863733333333335 0.11499999999999999 0.07733333333333334
0 0.6268505 0.2669706666666667 0.10875000000000001 0.06866666666666668
0 0.6636213125 0.25733175 0.10433325000000004 0.06466666666666665
0 0.6975834375 0.2508384166666667 0.10199999999999998 0.062444333333333324
0 0.7251251875 0.24469958333333333 0.09666649999999988 0.05755566666666667
0 0.7493178125 0.23959133333333335 0.09082299999999999 0.05479966666666666
0 0.18429718750000001 0.44630925000000005 0.08433325000000003 0.16399999999999998
0 0.11329718750000001 0.4846425833333334 0.07166674999999999 0.16711100000000007
0 0.0538805 0.5039758333333333 0.06533325000000001 0.151111
