0 0.7196328125 0.7972378333333333 0.30602624999999994 0.24356566666666668
0 0.44515062499999997 0.6644695833333334 0.30790975 0.274953
0 0.2370526875 0.5364093333333333 0.18173250000000002 0.19585699999999995
0 0.34887006249999997 0.33207783333333335 0.17984924999999996 0.10420600000000002
0 0.5284840000000001 0.39296925 0.23917149999999998 0.14940333333333333
0 0.7408191875 0.4802259166666667 0.22504699999999989 0.185813
0 0.92396425 0.5703075833333333 0.15160074999999995 0.16949133333333333
0 0.23551524999999998 0.14435433333333333 0.09849999999999995 0.07833333333333332
0 0.31339025 0.14410433333333333 0.09575 0.06966666666666665
0 0.29920274999999996 0.083271 0.07300000000000001 0.04566666666666667
0 0.36832774999999995 0.089021 0.06774999999999998 0.04466666666666666
0 0.05657775 0.26424333333333333 0.047999999999999994 0.031666666666666676
0 0.03357775 0.25849333333333335 0.03825 0.02566666666666667
