0 0.5095176875 0.815296 0.48076224999999995 0.2041816666666667
0 0.4025309375 0.9523195000000001 0.4703185 0.11247099999999999
0 0.628340875 0.6506030833333334 0.41205125 0.16778300000000002
0 0.7145006875 0.5191751666666666 0.3168884999999999 0.12449466666666659
0 0.771403 0.42283441666666666 0.24064224999999995 0.08496666666666669
0 0.8080371875 0.3564635 0.18731700000000007 0.061055666666666675
0 0.0823254375 0.665018 0.13216675 0.21014733333333346
0 0.219901375 0.5191859166666667 0.17547574999999999 0.20536300000000002
0 0.36792525 0.3830435833333333 0.1804015 0.1586203333333333
0 0.4915924375 0.28060324999999997 0.14954174999999992 0.11038899999999999
0 0.5836877500000001 0.21376675 0.12423775000000004 0.07199166666666665
0 0.6495145625 0.17352566666666666 0.08767374999999988 0.04641633333333331
