0 0.1299855 0.8356393333333334 0.1835 0.19399999999999995
0 0.1359855 0.700306 0.16999999999999998 0.18000000000000005
0 0.1469021875 0.593417 0.15933324999999998 0.15333333333333332
0 0.159798 0.5105003333333333 0.14325 0.1296666666666667
0 0.17192300000000002 0.4462503333333333 0.13175 0.1103333333333334
0 0.1828605 0.395778 0.12149999999999998 0.09466666666666668
0 0.1932355 0.35461133333333333 0.10974999999999999 0.08000000000000007
0 0.202068875 0.321917 0.10099999999999998 0.070222
0 0.2101105 0.29486141666666665 0.09333325 0.062222
0 0.21627712500000001 0.2719725 0.0865 0.05600000000000002
0 0.5121521875 0.44530591666666663 0.19233324999999996 0.13333333333333336
0 0.551568875 0.5307503333333333 0.21999999999999997 0.17644433333333337
0 0.6009855000000001 0.64219475 0.24966650000000007 0.23377766666666666
0 0.6605272499999999 0.7801393333333334 0.27049999999999996 0.29733333333333345
0 0.7894854375 0.5279725000000001 0.16866674999999998 0.16044466666666662
0 0.8545688124999999 0.6241518333333334 0.16966674999999998 0.20399999999999985
0 0.7314485 0.44809399999999994 0.16549999999999998 0.12366666666666665
0 0.6806985 0.3840106666666666 0.15549999999999997 0.09466666666666662
0 0.638511 0.333594 0.14200000000000002 0.07199999999999995
0 0.482344375 0.3809551666666667 0.1655832499999999 0.100889
0 0.45961525 0.333483 0.14624999999999994 0.07900000000000001
0 0.44196949999999996 0.29701066666666665 0.12899999999999995 0.0653333333333333
0 0.4275944375 0.26739958333333336 0.11566650000000006 0.05466666666666664
0 0.41588606250000004 0.24356625 0.10416650000000005 0.046888999999999986
0 0.60317775 0.29428841666666666 0.13166675000000005 0.05755566666666667
0 0.5726360625 0.262844 0.12083325000000011 0.04844433333333334
0 0.5478443749999999 0.23712175000000002 0.10933324999999999 0.040889000000000036
0 0.4065944375 0.22389958333333332 0.09516650000000004 0.04000000000000001
0 0.3988860625 0.20789958333333333 0.08816675000000002 0.0362223333333333
0 0.3921360625 0.19428833333333334 0.08116675000000001 0.03266666666666665
0 0.3864693125 0.18228833333333333 0.07624999999999998 0.030666666666666675
0 0.919552 0.7322011666666667 0.15499999999999992 0.2413333333333334
0 0.942059 0.417023 0.08525000000000005 0.08433333333333337
0 0.8969965 0.36843966666666667 0.08875 0.068
0 0.8542464999999999 0.3273563333333333 0.09324999999999994 0.05333333333333329
0 0.8137464999999999 0.29177299999999995 0.09250000000000003 0.044333333333333336
0 0.7762465 0.261523 0.09124999999999994 0.036000000000000004
0 0.742184 0.23598133333333332 0.08825000000000005 0.02983333333333335
0 0.7118089999999999 0.21431466666666665 0.08425000000000005 0.024499999999999994
0 0.527579 0.216053 0.09924999999999995 0.03433333333333333
0 0.50936025 0.19934466666666667 0.09512499999999996 0.030833333333333324
0 0.49253725 0.18526133333333333 0.08787499999999998 0.026999999999999996
0 0.6842664999999999 0.19596966666666665 0.08199999999999996 0.021166666666666667
0 0.65944275 0.18018733333333334 0.07687500000000003 0.01833333333333334
