0 0.8842470625000001 0.7176641666666667 0.09399999999999997 0.2413333333333333
0 0.941580375 0.7844698333333333 0.08166675000000012 0.2537776666666668
0 0.8215803125000001 0.6452198333333333 0.11533324999999994 0.2235556666666667
0 0.7549136875 0.5729975833333333 0.13299974999999986 0.19555566666666663
0 0.688997 0.5047753333333334 0.14633324999999997 0.16711133333333333
0 0.6258511875 0.44141425 0.15991674999999994 0.14088900000000004
0 0.566851125 0.38477533333333336 0.16025 0.11155566666666666
0 0.514372 0.337803 0.15799999999999997 0.08766666666666673
0 0.4725595 0.303303 0.14150000000000001 0.06866666666666665
0 0.45368450000000005 0.267053 0.09875 0.04200000000000001
0 0.429122 0.24938633333333332 0.09350000000000003 0.03966666666666668
0 0.24230749999999998 0.7787503333333333 0.26549999999999996 0.29266666666666674
0 0.2045158125 0.66830575 0.22466674999999997 0.2413333333333333
0 0.179682375 0.5750835833333333 0.20066675 0.20222233333333328
0 0.1626824375 0.5010835 0.17533325 0.15422233333333335
0 0.1500990625 0.4440835833333333 0.15733325 0.13199999999999995
0 0.12601575 0.3887223333333333 0.1155 0.08766666666666667
0 0.38659187500000003 0.22747241666666668 0.09183325000000003 0.04222200000000004
