0 0.4878975 0.8801125833333333 0.3540772499999999 0.2682920000000001
0 0.696907625 0.694582 0.27198600000000006 0.31866800000000006
0 0.8441385 0.5251053333333333 0.16486450000000008 0.20626100000000003
0 0.91939425 0.4162875833333333 0.10841975000000004 0.13720066666666658
0 0.039042125000000004 0.7689204166666667 0.10241775 0.18583833333333344
0 0.110181375 0.72110075 0.1728865 0.18907133333333337
0 0.2029856875 0.6571643333333334 0.22996950000000002 0.1814056666666668
0 0.306991875 0.5845926666666666 0.288663 0.15663933333333335
0 0.41496875 0.51174325 0.33752474999999993 0.12188133333333329
0 0.5221408125 0.4421039166666667 0.34062275000000003 0.10635599999999995
0 0.6113253750000001 0.38493958333333333 0.28705349999999996 0.07655866666666666
0 0.6785843125 0.34196133333333334 0.2525672499999999 0.07416733333333331
0 0.758189125 0.295389 0.1985722499999999 0.06102533333333332
0 0.7974231875 0.272256 0.17504149999999996 0.058778
