0 0.1491334375 0.8966273333333333 0.1843335 0.2461296666666667
0 0.2663161875 0.8392842500000001 0.24980724999999998 0.344
0 0.375998875 0.7481168333333333 0.26144575 0.37590366666666664
0 0.4681675625 0.6445025 0.26204825000000004 0.31967900000000005
0 0.650547125 0.8562528333333334 0.3060240000000001 0.3087103333333333
0 0.7371434375 0.7416913333333334 0.2614457499999999 0.3261046666666667
0 0.546932625 0.553137 0.24277125 0.2546183333333332
0 0.60627 0.4796431666666666 0.2192772500000001 0.20963866666666664
0 0.782437875 0.6342123333333334 0.22289150000000002 0.25240566666666653
0 0.812444625 0.5547435 0.18855425000000003 0.22168666666666664
0 0.65324975 0.42174533333333336 0.19325000000000003 0.16766666666666669
0 0.68924975 0.3773286666666667 0.17174999999999996 0.13733333333333336
0 0.83293725 0.49074533333333337 0.16325 0.18366666666666664
0 0.8464372499999999 0.4398286666666667 0.14349999999999996 0.15700000000000003
0 0.8566872499999999 0.400662 0.12774999999999992 0.128
0 0.71674975 0.3419953333333333 0.15125 0.11533333333333334
0 0.7380622499999999 0.314662 0.13650000000000007 0.09700000000000003
0 0.8638747499999999 0.37049533333333334 0.11575000000000002 0.1146666666666667
0 0.75549975 0.2938286666666666 0.12349999999999994 0.08666666666666667
0 0.86981225 0.34524533333333335 0.10624999999999996 0.10066666666666668
0 0.77018725 0.2759953333333333 0.11199999999999999 0.07700000000000001
0 0.87437475 0.32374533333333333 0.09575 0.09033333333333338
0 0.8778747499999999 0.30607866666666667 0.08949999999999991 0.07900000000000007
0 0.8808747499999999 0.2908286666666667 0.08374999999999999 0.07300000000000001
0 0.78268725 0.26082866666666665 0.10175000000000001 0.07166666666666666
0 0.7926247499999999 0.24699533333333332 0.09375 0.06533333333333333
0 0.8011247499999999 0.23624533333333333 0.08724999999999994 0.06033333333333335
0 0.07252425 0.5123293333333333 0.07349999999999998 0.17099999999999999
0 0.13552424999999999 0.45632933333333336 0.08224999999999999 0.14499999999999996
0 0.19689925 0.40674600000000005 0.095 0.1266666666666667
0 0.25758675 0.36149600000000004 0.10475000000000001 0.10999999999999999
0 0.31583675 0.3216626666666667 0.11125000000000002 0.09299999999999997
0 0.37046175000000003 0.28857933333333335 0.11474999999999996 0.07899999999999996
0 0.41989925 0.2601626666666667 0.11225000000000002 0.06833333333333333
0 0.46364925 0.23707933333333336 0.10875000000000001 0.05766666666666667
0 0.50271175 0.21916266666666667 0.10500000000000004 0.05100000000000002
0 0.5360242500000001 0.20374600000000004 0.09875000000000006 0.04600000000000001
0 0.56439925 0.19124600000000003 0.09299999999999997 0.04300000000000001
0 0.58846175 0.18074600000000002 0.08850000000000002 0.040666666666666684
0 0.60946175 0.17166266666666669 0.08524999999999994 0.03666666666666668
0 0.6287742500000001 0.16466266666666668 0.08174999999999999 0.03466666666666668
0 0.64589925 0.158496 0.07625000000000004 0.032
0 0.06690125 0.4055376666666667 0.056625 0.10533333333333333
0 0.11727625 0.364371 0.057499999999999996 0.08716666666666667
0 0.16546375 0.32866266666666666 0.06525 0.07816666666666666
0 0.2139325 0.29557933333333336 0.07262500000000002 0.0668333333333333
0 0.26068250000000004 0.26595433333333335 0.07674999999999998 0.05783333333333332
0 0.3054325 0.24028766666666668 0.08125000000000004 0.048500000000000015
0 0.34827625 0.21816266666666667 0.085625 0.04199999999999998
0 0.388245 0.19982933333333336 0.08450000000000002 0.03566666666666665
0 0.423745 0.18453766666666668 0.085125 0.03200000000000003
0 0.4566825 0.17191266666666666 0.08800000000000002 0.029000000000000026
0 0.48712 0.16137100000000001 0.08575000000000005 0.02733333333333335
0 0.5149637499999999 0.15220433333333333 0.07987499999999997 0.02516666666666667
0 0.54133875 0.14424599999999999 0.07799999999999996 0.02316666666666667
0 0.068713625 0.30732933333333334 0.03683325000000001 0.05911099999999997
0 0.0692553125 0.27955158333333335 0.03333325000000001 0.046444333333333365
0 0.1007553125 0.25744058333333336 0.0335 0.039111000000000035
0 0.103880375 0.28116275 0.03899999999999999 0.052888999999999964
0 0.13142199999999998 0.23710725 0.03649999999999999 0.03555566666666671
0 0.13850537500000001 0.25716283333333334 0.04383350000000001 0.04733333333333331
0 0.1731303125 0.23466275 0.046999999999999986 0.042444333333333334
0 0.162380375 0.21810716666666666 0.03900000000000001 0.031333333333333324
0 0.192713625 0.20032933333333336 0.041666499999999995 0.028666666666666674
0 0.22321368749999998 0.18410725 0.046166750000000006 0.025333333333333347
0 0.241713625 0.19644041666666667 0.05466675000000004 0.03222233333333335
0 0.2753804375 0.18021833333333334 0.05816650000000001 0.027555333333333376
0 0.2529636875 0.16944058333333334 0.04783349999999997 0.02288900000000002
0 0.3074636875 0.16571841666666665 0.056833249999999946 0.024444333333333318
0 0.28258862500000004 0.15605166666666667 0.05316675000000004 0.021555333333333315
0 0.33671368749999997 0.15271833333333334 0.05616649999999995 0.021333333333333315
0 0.310047 0.14388499999999999 0.04833324999999994 0.019555666666666693
0 0.364172 0.14171825 0.061499749999999964 0.019777666666666666
0 0.334880375 0.13327391666666666 0.05183325 0.01666666666666669
0 0.391713625 0.13210716666666666 0.06066650000000001 0.017999999999999988
0 0.361505375 0.12410716666666667 0.05283325 0.015111333333333324
0 0.4175053125 0.123885 0.06116649999999996 0.016889000000000015
0 0.387255375 0.11594058333333333 0.049333499999999975 0.013777999999999999
0 0.44079693750000004 0.11688508333333333 0.05783325 0.015555666666666676
0 0.4621303125 0.11121825 0.057166750000000044 0.013999999999999999
0 0.4824636875 0.10627383333333333 0.05600025000000003 0.01266666666666666
0 0.411172 0.10910716666666667 0.04699975000000001 0.012444333333333335
0 0.4317136875 0.10321825 0.043333250000000045 0.01200000000000001
0 0.451088625 0.09805166666666666 0.04583324999999999 0.011999999999999997
