0 0.0343385 0.68909675 0.0665625 0.27155566666666664
0 0.10356249999999999 0.6399855833333333 0.086 0.276
0 0.1835625 0.5845411666666667 0.11333350000000003 0.26666666666666655
0 0.2704791875 0.52709675 0.14366674999999998 0.24844433333333332
0 0.3597291875 0.47176341666666666 0.16266674999999997 0.22044466666666668
0 0.4431458125 0.42209683333333337 0.17433349999999997 0.19066666666666665
0 0.5165625 0.37976350000000003 0.17333349999999992 0.1622223333333333
0 0.5789791875 0.34576341666666666 0.16666650000000005 0.14
0 0.6298124375 0.31954116666666665 0.15300000000000002 0.12088899999999997
0 0.6723125 0.2992079166666667 0.14266650000000014 0.10622233333333336
0 0.1670625 0.4222079166666667 0.07233324999999999 0.156889
0 0.1038125 0.46543008333333336 0.07166675 0.17022233333333336
0 0.2338958125 0.3817634166666667 0.08933325 0.13955566666666674
0 0.3030625 0.34409675 0.10566675000000003 0.12577766666666662
0 0.36931250000000004 0.31043008333333333 0.11833325 0.10711133333333339
0 0.4317291875 0.28309675 0.12433325000000006 0.0951113333333333
0 0.48814575 0.2598745 0.12533325 0.08133366666666669
0 0.5367291875 0.24209683333333332 0.12200024999999998 0.07022233333333336
0 0.5793125 0.22887458333333333 0.124 0.06533333333333333
0 0.618979125 0.21587458333333334 0.11833324999999995 0.062222333333333324
0 0.7075625 0.2818745833333333 0.12766674999999994 0.09733333333333336
0 0.7346458124999999 0.26843008333333335 0.11533325000000005 0.08844466666666667
0 0.653729125 0.20565233333333333 0.09833325000000004 0.05733299999999997
0 0.0457455 0.50801 0.07400000000000001 0.17644466666666658
0 0.0237258125 0.32439891666666665 0.04891225 0.06755566666666663
0 0.056703812500000006 0.3011210833333333 0.0491665 0.06266666666666665
0 0.0911621875 0.27856558333333337 0.04383350000000001 0.05644433333333332
0 0.12716212500000001 0.2561211666666667 0.0435 0.05466666666666667
0 0.1652038125 0.23323216666666668 0.04049999999999998 0.04977799999999999
0 0.039995437499999995 0.35284325 0.056499999999999995 0.09133333333333332
0 0.079412125 0.32428775 0.0535 0.08355533333333337
0 0.1211205 0.2965655833333333 0.04916674999999998 0.07533333333333336
0 0.164703875 0.2698988333333333 0.04683324999999999 0.0702223333333333
0 0.2039538125 0.21317666666666668 0.04283324999999999 0.04133333333333333
0 0.208828875 0.24628775 0.05133325 0.06266666666666665
0 0.2537454375 0.22423225 0.057499999999999996 0.05666666666666667
0 0.2424121875 0.19556558333333335 0.047833249999999966 0.03911099999999998
0 0.2979121875 0.20478775 0.06533325000000001 0.05044433333333337
0 0.2804954375 0.17895441666666667 0.05233325 0.03488866666666671
0 0.3176205625 0.16378775 0.05616674999999999 0.031111000000000028
0 0.3412038125 0.1874545 0.06933349999999994 0.04666666666666666
0 0.3823705 0.17284333333333335 0.07366650000000002 0.04000000000000001
0 0.3537455625 0.15106558333333334 0.059 0.026221999999999995
0 0.3891621875 0.14078775 0.061333250000000006 0.025110999999999994
0 0.42220381249999994 0.16167658333333335 0.07533325000000002 0.036444333333333384
0 0.4581205 0.15178775 0.07650000000000001 0.033778
0 0.42270387499999995 0.13212108333333333 0.06016674999999999 0.021777999999999992
0 0.4531621875 0.12473225 0.063 0.021111333333333343
0 0.4918288125 0.14406558333333333 0.07450000000000001 0.031111
0 0.4830788125 0.11873225 0.06366675 0.01844466666666668
0 0.5224538125 0.1375655 0.07149999999999995 0.028222333333333335
0 0.08537325 0.230657 0.036000000000000004 0.04033333333333333
0 0.11312325000000001 0.21419866666666668 0.03450000000000003 0.03733333333333333
0 0.141717 0.19774033333333332 0.032 0.036500000000000005
0 0.17040450000000001 0.18257366666666666 0.03025 0.0345
0 0.19952950000000003 0.16803200000000001 0.03175 0.032
0 0.19724825 0.14986533333333332 0.02737500000000001 0.021666666666666667
0 0.17124825000000002 0.16219866666666666 0.02662500000000001 0.024499999999999994
0 0.146467 0.17532366666666666 0.02637500000000001 0.02566666666666667
0 0.12143575000000001 0.189407 0.029625000000000012 0.027666666666666673
0 0.928371125 0.28010775 0.03816675000000003 0.03733366666666671
0 0.8999960625 0.2566076666666667 0.041666749999999975 0.03444433333333333
0 0.87228775 0.233941 0.04216674999999992 0.03022233333333335
0 0.7281300625 0.8761355 0.25227275000000005 0.278284
0 0.816024 0.785191 0.20850000000000002 0.32333333333333325
0 0.5911489999999999 0.9437621666666667 0.22599999999999998 0.1714756666666667
