0 0.426584875 0.7847555833333333 0.30662649999999997 0.39971
0 0.3020366875 0.6506914166666666 0.2433735 0.3132533333333333
0 0.553542625 0.565551 0.23554200000000003 0.27791166666666667
0 0.43622337499999997 0.48261933333333334 0.2168675 0.21686766666666674
0 0.2324645 0.5579533333333333 0.18307574999999998 0.21311133333333332
0 0.19487549999999998 0.5044836666666667 0.15674999999999994 0.16099999999999998
0 0.3592505 0.4264003333333333 0.16549999999999998 0.15266666666666673
0 0.312438 0.394567 0.147 0.12766666666666665
0 0.169063 0.4659836666666667 0.13874999999999998 0.13766666666666671
0 0.276063 0.36940033333333333 0.12875 0.11333333333333334
0 0.1473755 0.4322336666666667 0.12624999999999997 0.1196666666666667
0 0.245188 0.34790033333333337 0.12049999999999997 0.09899999999999998
0 0.7657465 0.34026900000000004 0.06874999999999998 0.09166666666666667
0 0.7095589999999999 0.313269 0.08024999999999993 0.08233333333333331
0 0.6537465 0.2876856666666667 0.09049999999999991 0.07200000000000001
0 0.730059 0.2649356666666667 0.0635 0.059666666666666646
0 0.6833715 0.245519 0.07100000000000006 0.05233333333333334
0 0.6003715000000001 0.2664356666666667 0.09475 0.06200000000000003
0 0.638559 0.22893566666666668 0.07474999999999998 0.04633333333333334
0 0.5953714999999999 0.21443566666666666 0.07999999999999996 0.04300000000000001
0 0.5507465 0.24876900000000002 0.09775 0.0546666666666667
0 0.5039965000000001 0.23485233333333333 0.09899999999999998 0.049666666666666665
0 0.4652465 0.22418566666666667 0.09250000000000003 0.04366666666666666
0 0.4318715 0.21518566666666666 0.09099999999999997 0.043333333333333335
0 0.39999650000000003 0.20718566666666666 0.08650000000000002 0.04033333333333333
0 0.9776376250000001 0.518105 0.05034974999999997 0.08733333333333337
0 0.973325125 0.4687716666666667 0.05759974999999995 0.07733333333333331
0 0.969075125 0.4232716666666667 0.06734974999999999 0.07933333333333331
0 0.9545501875 0.3809383333333334 0.08484974999999995 0.05133333333333334
0 0.92721275 0.344355 0.08250000000000002 0.051666666666666694
0 0.90046275 0.30893833333333337 0.07425000000000004 0.047666666666666635
0 0.87902525 0.28060500000000005 0.06675000000000009 0.03899999999999998
0 0.8584627499999999 0.256355 0.0685 0.03733333333333333
0 0.84033775 0.236855 0.0595 0.028999999999999998
0 0.8234002500000001 0.2190216666666667 0.06075000000000008 0.030333333333333323
0 0.74059575 0.17160466666666666 0.043875 0.026166666666666644
0 0.7143145 0.16589633333333334 0.04037500000000005 0.023999999999999966
0 0.686627 0.161188 0.04062500000000002 0.02316666666666664
0 0.65672075 0.156563 0.040750000000000064 0.021833333333333343
0 0.6259082499999999 0.152063 0.03837500000000005 0.021166666666666667
0 0.5952519999999999 0.14827133333333334 0.034499999999999975 0.01833333333333334
0 0.56453325 0.14589633333333335 0.03237500000000004 0.01733333333333334
0 0.5334707499999999 0.14439633333333335 0.032625000000000015 0.016000000000000014
0 0.5019707499999999 0.14364633333333332 0.03549999999999992 0.015333333333333338
0 0.47097075 0.144063 0.03649999999999998 0.016500000000000015
0 0.4401895 0.14552133333333334 0.04112500000000002 0.018166666666666664
0 0.40947075 0.14835466666666666 0.04137500000000005 0.019666666666666666
0 0.380127 0.15252133333333334 0.043125000000000024 0.02149999999999999
0 0.352127 0.157063 0.04149999999999998 0.021166666666666667
0 0.3256895 0.161313 0.043749999999999956 0.02149999999999999
0 0.2999395 0.166438 0.045125000000000026 0.02383333333333329
0 0.27509575000000003 0.17247966666666667 0.04712499999999997 0.02633333333333332
0 0.251377 0.17860466666666666 0.04462499999999997 0.02683333333333332
0 0.23028325 0.18460466666666664 0.04199999999999998 0.026666666666666672
0 0.1865750625 0.19852150000000002 0.04483324999999999 0.027777999999999997
0 0.16507506249999998 0.205466 0.04249999999999998 0.027778000000000025
