0 0.446161875 0.6880496666666667 0.21144575 0.2682729999999999
0 0.5372764999999999 0.6237926666666667 0.210241 0.22489933333333334
0 0.60811825 0.5688226666666667 0.1895 0.18366666666666664
0 0.6612432500000001 0.5258226666666667 0.17149999999999999 0.14733333333333332
0 0.70336825 0.4915726666666667 0.15150000000000008 0.12066666666666664
0 0.73536825 0.4648226666666667 0.131 0.09933333333333338
0 0.76118075 0.444406 0.12050000000000005 0.08533333333333332
0 0.78343075 0.4275726666666667 0.10949999999999993 0.07433333333333336
0 0.69999325 0.37257266666666666 0.10049999999999992 0.05900000000000005
0 0.67424325 0.3828226666666667 0.10549999999999993 0.0663333333333333
0 0.64386825 0.39673933333333333 0.1160000000000001 0.07299999999999995
0 0.6042224374999999 0.4134615833333334 0.12458325000000003 0.08366666666666667
0 0.55799325 0.43448933333333334 0.13124999999999998 0.09433333333333332
0 0.5019375 0.459607 0.14325 0.11133333333333328
0 0.436375 0.49152366666666664 0.14475000000000005 0.131
0 0.36175 0.530357 0.13824999999999998 0.15600000000000003
0 0.279586625 0.3571348333333333 0.06333325000000001 0.06000033333333332
0 0.32600324999999997 0.34263483333333333 0.06566675 0.05288866666666664
0 0.3710031875 0.32924600000000004 0.07533325000000002 0.04733333333333334
0 0.26737825 0.32091258333333333 0.051333250000000025 0.04066666666666663
0 0.30729493750000003 0.30941250000000003 0.05299975000000001 0.036000333333333356
0 0.3464199375 0.3000791666666667 0.058666750000000045 0.032667
0 0.415336625 0.31696816666666666 0.0773335 0.04088866666666663
0 0.38437825000000003 0.2914124166666667 0.06333324999999995 0.03044399999999997
0 0.4560031875 0.3065791666666667 0.07449999999999996 0.0346663333333333
0 0.42071162500000003 0.28341258333333336 0.06716674999999994 0.02733333333333332
0 0.48996162499999996 0.29763475 0.07050000000000001 0.030444333333333295
0 0.452961625 0.2769125 0.06366675 0.02466666666666667
