0 0.14382875 0.8607403333333333 0.194 0.2533333333333333
0 0.12839125 0.740157 0.162 0.21100000000000008
0 0.12276625000000001 0.6477403333333334 0.14200000000000002 0.17600000000000005
0 0.12145375 0.5769070000000001 0.1285 0.14733333333333332
0 0.3740958125 0.6913435 0.24 0.2560000000000001
0 0.331116625 0.5958573333333333 0.20158325000000002 0.19733333333333347
0 0.301325 0.525427 0.17125 0.15433333333333338
0 0.2797 0.47159366666666663 0.14775000000000002 0.12866666666666665
0 0.26413749999999997 0.4297603333333333 0.1285 0.10433333333333333
0 0.622181625 0.3968535833333333 0.14349999999999996 0.10044433333333336
0 0.67964 0.4395203333333333 0.14425 0.12133333333333335
0 0.745265 0.490187 0.14349999999999996 0.14833333333333337
0 0.9094525 0.6358536666666667 0.15000000000000002 0.2473333333333334
0 0.9459525 0.4743536666666667 0.08875 0.12733333333333335
0 0.8265150625 0.3859646666666667 0.0826667499999999 0.07533333333333331
0 0.7759733125 0.3534090833333334 0.08633324999999992 0.06488866666666665
0 0.7284733125 0.3254646666666667 0.08950000000000002 0.05444433333333332
0 0.6844316874999999 0.3022424166666667 0.08816674999999996 0.04555533333333334
0 0.5728691875 0.36157575 0.13549999999999995 0.08266666666666667
0 0.5312649375 0.3332145833333333 0.12741674999999997 0.07133333333333336
0 0.4957024375 0.31057575 0.11891674999999996 0.05955566666666667
0 0.4649733125 0.2924090833333333 0.11066674999999998 0.052444666666666695
0 0.43922337499999997 0.27740908333333336 0.09950000000000003 0.045999999999999985
0 0.251160875 0.39274241666666665 0.11533325000000005 0.09533333333333333
0 0.12320249999999999 0.520159 0.119 0.12766666666666665
0 0.4340600625 0.81446625 0.28132550000000006 0.3269076666666667
0 0.12617856249999998 0.475403 0.10733324999999998 0.10800000000000004
0 0.6453034375 0.28276408333333336 0.08766649999999998 0.0382223333333333
0 0.6103451875 0.266042 0.08599999999999997 0.033999999999999975
0 0.5788868125 0.25154183333333335 0.08433325000000003 0.030222333333333296
0 0.5500014999999999 0.23937533333333333 0.07999999999999996 0.026666666666666672
0 0.41801193750000004 0.26506958333333336 0.09287499999999999 0.041000000000000036
0 0.8748819375 0.3207891666666667 0.05233325 0.04400000000000004
0 0.8384652499999999 0.2996225 0.05449999999999999 0.03822233333333336
0 0.8035069374999999 0.28051125 0.05833325 0.03355566666666665
0 0.77009025 0.2635113333333333 0.059833499999999984 0.028888999999999998
0 0.738298625 0.24876141666666668 0.06183325000000006 0.024333333333333346
0 0.9501632499999999 0.36977533333333334 0.04325000000000001 0.05883333333333329
0 0.9539757499999999 0.342067 0.0338750000000001 0.04116666666666663
0 0.88953825 0.30052533333333337 0.03962500000000002 0.031333333333333324
0 0.8578507499999999 0.2816086666666667 0.041874999999999996 0.028166666666666673
0 0.826132 0.26467799999999997 0.04212499999999997 0.02516666666666667
0 0.7966945 0.24988633333333332 0.040000000000000036 0.02100000000000002
0 0.7702257499999999 0.23788633333333334 0.040750000000000064 0.017666666666666664
0 0.7426007499999999 0.226178 0.04774999999999996 0.017000000000000015
0 0.95777775 0.3070946666666667 0.027083250000000003 0.029889
0 0.9833610625 0.32434466666666667 0.026416500000000065 0.03266666666666668
0 0.90634025 0.27615025 0.030833250000000034 0.02377766666666664
0 0.8816736249999999 0.261928 0.030749999999999944 0.021666666666666667
0 0.8568610624999999 0.24890016666666664 0.03483349999999996 0.020000000000000018
0 0.8325278125 0.23653916666666666 0.03508325000000001 0.01733333333333331
0 0.808803875 0.225692 0.037250000000000005 0.015333333333333338
0 0.7856527499999999 0.21553908333333333 0.03808325000000001 0.013444333333333308
0 0.76365275 0.20640025 0.03933349999999991 0.012555333333333307
0 0.7421319375 0.19812241666666666 0.03983324999999993 0.011222333333333334
0 0.721319375 0.19059475 0.039916749999999945 0.010000000000000009
0 0.7011527499999999 0.18381691666666666 0.039333249999999986 0.00811099999999998
0 0.6818402499999999 0.177928 0.03949999999999998 0.008111000000000007
0 0.6632569374999999 0.1723725 0.03849999999999998 0.007666666666666655
0 0.706986 0.23552533333333334 0.06424999999999992 0.021333333333333343
0 0.6768609999999999 0.22402533333333335 0.06062500000000004 0.018666666666666665
0 0.65045475 0.21440033333333333 0.056625000000000036 0.015999999999999986
0 0.6264235 0.20594200000000001 0.05800000000000005 0.015666666666666662
0 0.6027882499999999 0.19790033333333334 0.0568749999999999 0.015000000000000013
0 0.543632 0.181442 0.050875000000000004 0.011333333333333334
0 0.58162925 0.19129766666666667 0.0525000000000001 0.01266666666666666
0 0.562098 0.18608933333333333 0.05262500000000003 0.011833333333333335
0 0.39893125 0.2543533333333333 0.08729149999999997 0.038555666666666655
0 0.38226456249999996 0.24529783333333333 0.07970825000000004 0.035222
0 0.368441625 0.23786724999999997 0.07375000000000004 0.03144466666666662
0 0.3565770625 0.23132558333333333 0.06908325000000004 0.029889
0 0.3460875625 0.22567275 0.06583324999999995 0.027389000000000024
0 0.336577 0.220881 0.06412499999999999 0.02516666666666667
0 0.4189595 0.19423025 0.058083249999999975 0.016889000000000015
0 0.22495950000000003 0.31764691666666667 0.07933350000000003 0.05288866666666664
0 0.23037612500000001 0.332619 0.085125 0.05983333333333335
0 0.2387511875 0.35720233333333334 0.09899974999999994 0.08111100000000004
0 0.327603625 0.21664216666666666 0.06016674999999999 0.02355566666666667
0 0.3125410625 0.20925325 0.053749749999999985 0.021777999999999992
0 0.3197076875 0.21278091666666668 0.056166500000000064 0.022333333333333316
0 0.432669875 0.19829433333333335 0.06058350000000001 0.017666666666666664
0 0.44752400000000003 0.20300266666666666 0.064 0.018833333333333313
