0 0.4701149375 0.77630975 0.2712500000000001 0.3533333333333333
0 0.3558954375 0.8778301666666667 0.2700625 0.27987933333333326
0 0.229258125 0.9396045 0.18854175000000004 0.1683743333333334
0 0.5617314375 0.65335325 0.25287224999999997 0.3159763333333334
0 0.6372576875 0.54593575 0.21801499999999996 0.2605136666666667
0 0.694306875 0.4610140833333333 0.18929000000000007 0.21029733333333334
0 0.0612844375 0.4888981666666667 0.08374999999999999 0.20861133333333326
0 0.1265005625 0.41910308333333335 0.10729175000000002 0.19306233333333345
0 0.19594587500000002 0.35247625 0.11927075000000004 0.16444466666666668
0 0.2616860625 0.29611008333333333 0.12746349999999998 0.1368056666666667
0 0.326270375 0.24742758333333334 0.14166674999999995 0.11803533333333335
0 0.0156766875 0.5422797500000001 0.04065225 0.19874999999999998
0 0.38803125 0.20596133333333333 0.140625 0.09633333333333333
0 0.4854608125 0.14952708333333334 0.1351667500000001 0.07422233333333335
0 0.4393098125 0.1748575 0.13383325000000001 0.08091666666666669
0 0.5272356874999999 0.12849575 0.1258539999999999 0.06375000000000001
0 0.5610455624999999 0.11251316666666666 0.11633324999999994 0.06000000000000001
0 0.58653825 0.1003135 0.10797299999999999 0.054908999999999986
