0 0.5036741875 0.5020535833333333 0.13783325000000013 0.22933333333333328
0 0.3989659375 0.51877575 0.11699999999999999 0.2368889999999999
0 0.2945493125 0.53433125 0.12400000000000003 0.24355566666666667
0 0.193882625 0.55022025 0.13466650000000002 0.23866666666666664
0 0.11054925 0.5613311666666667 0.11766649999999998 0.22044433333333335
0 0.6012274999999999 0.48573125 0.14500000000000002 0.21066666666666667
0 0.6855607499999999 0.47284241666666665 0.14166650000000003 0.19155566666666668
0 0.7542274375 0.4617313333333334 0.12566674999999994 0.17422233333333337
0 0.8071440624999999 0.45262025 0.11833325000000006 0.15822200000000003
0 0.88481075 0.4397036666666667 0.10550000000000004 0.1333333333333333
0 0.91481075 0.43537033333333336 0.09375 0.11933333333333335
0 0.93987325 0.4327036666666667 0.08625000000000005 0.10833333333333334
0 0.9616232499999999 0.431037 0.07699999999999996 0.10133333333333333
0 0.9219980624999999 0.9204359166666667 0.11686725000000009 0.18965033333333337
0 0.8355523125 0.9537693333333334 0.13373500000000005 0.12619633333333335
0 0.971619 0.8555535833333333 0.07137550000000004 0.23302366666666663
