0 0.08389875 0.6413973333333334 0.0825 0.21266666666666667
0 0.10427375 0.495564 0.0715 0.13999999999999996
0 0.05239875 0.527064 0.0805 0.14733333333333332
0 0.15289875000000003 0.6037306666666666 0.08200000000000002 0.21533333333333327
0 0.16139875 0.46506400000000003 0.07449999999999998 0.13733333333333336
0 0.22589875 0.4297306666666667 0.07349999999999998 0.13066666666666665
0 0.23239875000000002 0.5617306666666667 0.0935 0.21133333333333337
0 0.31752375 0.5187306666666667 0.119 0.1993333333333333
0 0.40214875 0.476564 0.1375 0.182
0 0.48339875 0.438064 0.1474999999999999 0.16133333333333333
0 0.55577375 0.40489733333333333 0.15199999999999997 0.14133333333333337
0 0.61727375 0.378314 0.14474999999999993 0.122
0 0.6676279374999999 0.3564529166666667 0.135 0.10944433333333331
0 0.7110654375 0.3385918333333333 0.12724999999999997 0.0954443333333333
0 0.2935499375 0.3954735833333334 0.08333325000000003 0.12266633333333338
0 0.3609665625 0.36502908333333334 0.09633325000000004 0.1097776666666666
0 0.4258831875 0.33947358333333333 0.10533325000000004 0.096889
0 0.48613325 0.3164735833333333 0.1096665 0.08844433333333329
0 0.5406333125 0.2980291666666667 0.11199999999999993 0.07822233333333334
0 0.588299875 0.2835846666666667 0.11099999999999999 0.06933333333333336
0 0.6323833124999999 0.27169575 0.10899999999999999 0.06444433333333333
0 0.6692999374999999 0.261918 0.09999999999999998 0.0604446666666667
0 0.74588325 0.32436241666666665 0.11433349999999987 0.0835556666666667
0 0.23514375 0.2792096666666667 0.04812499999999997 0.061166666666666675
0 0.27861250000000004 0.26025133333333333 0.047750000000000015 0.056333333333333346
0 0.322175 0.242918 0.05225000000000002 0.04833333333333337
0 0.3649875 0.22808466666666666 0.056999999999999995 0.04433333333333336
0 0.4067375 0.214918 0.062 0.03833333333333333
0 0.44680000000000003 0.20425133333333334 0.0645 0.03533333333333333
0 0.4839875 0.19533466666666668 0.06799999999999995 0.033
0 0.5188625 0.18750133333333335 0.07024999999999992 0.030666666666666675
0 0.553175 0.18150133333333335 0.07199999999999995 0.029333333333333322
0 0.19200825 0.30008466666666667 0.05324999999999999 0.06433333333333335
0 0.15057375 0.32172633333333334 0.057499999999999996 0.06900000000000006
0 0.655381875 0.16962475 0.0665 0.024221999999999994
0 0.6776735625 0.16812458333333333 0.06233349999999993 0.022888999999999993
0 0.697757 0.16740241666666666 0.05900000000000005 0.021555333333333315
0 0.71634025 0.16729141666666666 0.05666674999999999 0.021333333333333343
0 0.733381875 0.16690241666666666 0.05433325 0.021333333333333343
0 0.74859025 0.16679133333333335 0.052499749999999956 0.021555666666666667
0 0.7624653124999999 0.16679133333333335 0.051999999999999935 0.021333333333333343
0 0.7758401875 0.16723575000000002 0.050333249999999996 0.02088899999999999
0 0.7879235625 0.16756916666666666 0.04833350000000003 0.02088900000000002
0 0.7988819375 0.16790241666666667 0.04583325000000005 0.020444666666666694
0 0.7414168125 0.8767396666666667 0.25481924999999994 0.27813566666666667
0 0.601281375 0.9292053333333333 0.22831325000000002 0.19058533333333327
0 0.8341126875 0.8017840833333334 0.21144600000000002 0.3317266666666666
0 0.8892331874999999 0.7150369999999999 0.1825302499999999 0.27871499999999994
0 0.925473625 0.6418550833333333 0.15581299999999998 0.22488866666666674
0 0.946760125 0.5779660833333333 0.12047975 0.18311099999999997
0 0.960510125 0.5205216666666667 0.09347974999999997 0.12933333333333336
