0 0.5917281875 0.8498865 0.27241774999999996 0.30306466666666665
0 0.68348075 0.7357685 0.23855424999999997 0.29156633333333337
0 0.7404085 0.6295435833333334 0.20301200000000008 0.23855399999999993
0 0.782712625 0.5407296666666667 0.17333324999999988 0.19644466666666666
0 0.811379375 0.4799519166666667 0.14100000000000001 0.13733333333333336
0 0.82746275 0.441063 0.12766650000000002 0.11955566666666667
0 0.2120459375 0.5365376666666667 0.10899999999999999 0.18
0 0.283546 0.47598216666666665 0.12266650000000001 0.16133333333333333
0 0.3541293125 0.4203155 0.13233350000000005 0.13866666666666666
0 0.4201293125 0.3713155833333333 0.13766649999999997 0.11599999999999999
0 0.476212625 0.33098225 0.12866675000000005 0.09644433333333335
0 0.5233793125 0.29898233333333335 0.12499999999999994 0.08311099999999999
0 0.5633793125000001 0.2725378333333333 0.11766675000000004 0.07022233333333333
0 0.598379375 0.25053775 0.11433325000000005 0.062222333333333324
0 0.1249505625 0.453179 0.06866649999999999 0.12133333333333335
0 0.1892005625 0.4025123333333333 0.08266674999999998 0.10488900000000007
0 0.25511725 0.35915125 0.08466674999999999 0.08155566666666664
0 0.3101171875 0.3219011666666667 0.07608324999999999 0.06000033333333332
0 0.351388 0.28837333333333337 0.08950000000000002 0.06233333333333335
0 0.39588799999999996 0.26237333333333335 0.09249999999999997 0.05300000000000002
0 0.43807549999999995 0.24054 0.08875 0.043999999999999984
0 0.47501299999999996 0.22162333333333334 0.08725 0.039666666666666656
