0 0.44335525 0.563366 0.12824999999999998 0.24366666666666664
0 0.55254275 0.570116 0.12824999999999998 0.24366666666666664
0 0.6582926874999999 0.5741715000000001 0.1313335 0.23688866666666664
0 0.7500426874999999 0.57439375 0.13866674999999995 0.22755533333333333
0 0.8285426874999999 0.573616 0.127 0.2142223333333333
0 0.8895426875 0.57283825 0.11266674999999993 0.19777800000000006
0 0.33779275000000003 0.5540605000000001 0.15466674999999996 0.2364443333333333
0 0.24137606250000002 0.5439493333333333 0.15500000000000003 0.21599999999999997
0 0.163626 0.5340605 0.14733325 0.19644433333333328
0 0.10120931250000001 0.5240604166666667 0.13633350000000002 0.1808886666666667
0 0.6419694375 0.93889975 0.286747 0.1379596666666666
