0 0.153215875 0.45203041666666666 0.12500025000000003 0.12266666666666665
0 0.2102159375 0.46391916666666666 0.14433324999999994 0.14044466666666666
0 0.27829925 0.477697 0.14566674999999998 0.14977799999999997
0 0.3576325625 0.49314141666666667 0.14400000000000002 0.15999999999999998
0 0.44696600000000003 0.5094748333333333 0.126 0.17155566666666677
0 0.5392159375 0.5272525833333334 0.1066665 0.1804446666666667
0 0.62954925 0.5450303333333333 0.10633349999999997 0.18088900000000002
0 0.7130492500000001 0.5614748333333333 0.11666675000000004 0.17244433333333326
0 0.7847993125 0.57391925 0.11666674999999993 0.1604443333333333
0 0.8450491875 0.58291925 0.11333325000000005 0.1484443333333333
0 0.2177159375 0.3619193333333333 0.09666649999999999 0.06933299999999998
0 0.2743825625 0.3638080833333333 0.11633349999999998 0.07733333333333331
0 0.3383825625 0.36780816666666666 0.10499999999999998 0.08622199999999997
0 0.4049659375 0.37536366666666665 0.11233325 0.09688866666666662
0 0.4768825625 0.38403025 0.09233325000000009 0.10622199999999998
0 0.54579925 0.39547483333333333 0.07866649999999997 0.11333333333333329
0 0.61379925 0.41125249999999997 0.08099999999999996 0.12088899999999997
0 0.678966 0.4284748333333333 0.0916665000000001 0.12444433333333332
0 0.74004925 0.44525258333333334 0.09799999999999998 0.124
0 0.79304925 0.45958591666666665 0.09199999999999997 0.11599999999999999
0 0.8364659375 0.47103033333333333 0.08733324999999992 0.10755533333333328
0 0.8728825625000001 0.48036366666666663 0.08700000000000008 0.1017776666666666
0 0.89304925 0.5872525833333333 0.10599999999999998 0.1364443333333334
0 0.931965875 0.5885859166666667 0.09699999999999998 0.1266666666666667
0 0.35103975000000004 0.2511946666666667 0.08187500000000003 0.03683333333333333
0 0.4042585 0.256028 0.076625 0.03916666666666668
0 0.46022725000000003 0.26144466666666666 0.07 0.039833333333333304
0 0.52066475 0.270028 0.06762500000000005 0.04366666666666669
0 0.58235225 0.28181966666666664 0.06400000000000006 0.04883333333333334
0 0.63278975 0.29365299999999994 0.05249999999999999 0.04533333333333334
0 0.6725085000000001 0.30323633333333333 0.05512499999999998 0.04566666666666663
0 0.7106647500000001 0.31384049999999997 0.05999999999999994 0.05016666666666664
0 0.692196 0.2812363333333333 0.048374999999999946 0.034999999999999976
0 0.6585084999999999 0.27244466666666667 0.044625000000000026 0.03300000000000003
0 0.62360225 0.26365299999999997 0.04412500000000008 0.03283333333333335
0 0.579373 0.2533475833333333 0.0546667500000001 0.033111
0 0.5246646875000001 0.24312541666666665 0.06116675000000005 0.028666666666666646
0 0.4710813125 0.23573641666666664 0.05666649999999995 0.024888666666666642
0 0.4214563125 0.230292 0.06216674999999999 0.022444333333333316
0 0.373373 0.22684766666666667 0.061333499999999985 0.017999999999999988
