0 0.66047275 0.55354525 0.10133325000000004 0.16133333333333333
0 0.5713060625 0.5398785833333334 0.10433349999999997 0.15733333333333338
0 0.4843060625 0.5256564166666666 0.12333325 0.14933333333333337
0 0.4045561875 0.5114896666666667 0.13275000000000003 0.13866666666666666
0 0.3348478125 0.4991840833333333 0.13383325000000007 0.12733333333333335
0 0.275702 0.48793433333333336 0.13199999999999998 0.11699999999999999
0 0.744806125 0.5655453333333333 0.10966674999999992 0.16133333333333333
0 0.2260145 0.478215 0.12625 0.10733333333333334
0 0.184202 0.469465 0.12025000000000001 0.09833333333333327
0 0.1481394375 0.4635205 0.11016650000000001 0.08866666666666667
0 0.118931125 0.45802058333333334 0.10133325 0.08222233333333334
0 0.0936394375 0.45329833333333336 0.0951665 0.07600000000000001
0 0.07172275 0.44968725 0.08766675 0.07
0 0.0531810625 0.4467428333333333 0.08066675000000001 0.06577766666666668
0 0.03722275 0.44340941666666667 0.07600000000000001 0.062
0 0.02622275 0.43792333333333333 0.05925 0.058499999999999996
0 0.019455124999999997 0.43017333333333335 0.04547275 0.042833333333333334
0 0.0134030625 0.42365933333333333 0.0323895 0.03133333333333338
0 0.123388 0.89812925 0.187 0.23049433333333336
0 0.057134750000000005 0.8402959166666666 0.13151300000000002 0.2758276666666667
0 0.229638 0.9265861666666666 0.175 0.17649433333333342
0 0.710864 0.426061 0.08274999999999999 0.08600000000000002
0 0.6480515 0.41664433333333334 0.07150000000000001 0.08366666666666667
0 0.5845515 0.408311 0.07125000000000004 0.08066666666666666
0 0.5211140000000001 0.401061 0.08300000000000007 0.07733333333333331
0 0.4603223125 0.3944499166666666 0.09241674999999999 0.07400000000000001
0 0.4038431875 0.3891443333333333 0.09725 0.06955566666666663
0 0.3529265625 0.38589425 0.09750000000000003 0.06466666666666665
0 0.3070931875 0.38417216666666665 0.09833325000000004 0.061333333333333295
0 0.266343125 0.38244991666666667 0.09583324999999998 0.06044466666666659
0 0.2311348125 0.3810609166666667 0.08983325 0.05733333333333335
0 0.2008745 0.37992200000000004 0.08524999999999999 0.05299999999999999
0 0.17346825 0.37963033333333335 0.08274999999999999 0.050000000000000044
0 0.1486035 0.3801026666666667 0.07975 0.04800000000000004
0 0.12677025 0.3805054166666667 0.07462500000000001 0.047444333333333366
0 0.10792650000000001 0.3807276666666667 0.07024999999999999 0.04566666666666669
0 0.091114 0.3807831666666667 0.06633325000000001 0.04277799999999993
0 0.075666125 0.38149158333333333 0.06329175000000001 0.040722333333333305
0 0.06202025 0.38197766666666666 0.059000000000000004 0.03799999999999998
0 0.8371765 0.45042200000000004 0.11724999999999997 0.09266666666666667
0 0.908239 0.4655053333333333 0.11449999999999994 0.09299999999999997
0 0.819041 0.34121366666666664 0.07874999999999999 0.050500000000000045
0 0.76482225 0.32863033333333336 0.07837500000000008 0.04750000000000004
0 0.6765515000000001 0.31189433333333333 0.050124999999999975 0.03866666666666663
0 0.63545775 0.3058943333333333 0.04499999999999993 0.03749999999999998
0 0.593989 0.300561 0.04437500000000005 0.03483333333333333
0 0.5526452500000001 0.296561 0.049875 0.032833333333333325
0 0.5119265 0.29372766666666666 0.054750000000000076 0.031000000000000028
0 0.472364 0.2919776666666667 0.05887500000000001 0.029500000000000026
0 0.43489524999999996 0.290811 0.06 0.02899999999999997
0 0.39992649999999996 0.2906026666666667 0.063 0.028166666666666673
0 0.36689525 0.291061 0.064 0.028666666666666674
0 0.33595774999999994 0.291936 0.06325000000000003 0.028500000000000025
0 0.3070515 0.2934776666666667 0.06375000000000003 0.029833333333333323
0 0.28027025 0.29551933333333336 0.06174999999999997 0.029666666666666675
0 0.25577025 0.297686 0.060124999999999984 0.02949999999999997
0 0.233739 0.29964433333333335 0.05874999999999997 0.028833333333333322
0 0.2138535625 0.30165825 0.05537499999999998 0.028888999999999998
0 0.74082225 0.291325 0.0638749999999999 0.03316666666666668
0 0.7878222500000001 0.30149166666666666 0.06599999999999995 0.03566666666666668
0 0.6651035000000001 0.277047 0.039999999999999925 0.02516666666666667
0 0.6311347500000001 0.272547 0.037250000000000005 0.024333333333333373
0 0.59657225 0.26858866666666664 0.036125000000000074 0.02266666666666667
0 0.56194725 0.2655053333333333 0.03937500000000005 0.021666666666666667
0 0.5277597500000001 0.26308866666666664 0.042874999999999996 0.021166666666666667
0 0.49485350000000006 0.26146366666666665 0.04462500000000008 0.019666666666666666
0 0.462666 0.26075533333333334 0.048375 0.018333333333333368
0 0.4317285 0.260422 0.047750000000000015 0.018000000000000016
0 0.40288475 0.26083866666666666 0.04850000000000004 0.018500000000000016
0 0.1938431875 0.30456099999999997 0.05741649999999998 0.029333333333333322
0 0.17509318750000002 0.30733883333333334 0.05308325 0.028332999999999997
0 0.15932237500000002 0.30950541666666664 0.053333500000000034 0.028778000000000026
0 0.0496556875 0.38236658333333334 0.055833499999999994 0.03699966666666671
0 0.038384749999999995 0.38300541666666665 0.052 0.03577799999999992
0 0.0283640625 0.3833664166666667 0.049916749999999996 0.03466666666666668
0 0.3751453125 0.261811 0.04862500000000003 0.018889000000000045
0 0.34883268749999996 0.2631025833333333 0.04862500000000003 0.019166666666666665
0 0.32382225 0.26489433333333334 0.048250000000000015 0.019500000000000017
0 0.300916125 0.2668735 0.046375 0.018805666666666665
0 0.2787338125 0.26941525 0.04756250000000001 0.020166666666666666
0 0.258129625 0.27183183333333333 0.04631249999999998 0.019666666666666666
0 0.6519056875 0.23997758333333333 0.03091675000000005 0.01644433333333331
0 0.6251348125 0.23647766666666667 0.028249999999999997 0.015778000000000014
0 0.7107181875 0.24978316666666667 0.04841675000000001 0.021999999999999992
0 0.748634875 0.2572554166666666 0.051000000000000045 0.024333333333333318
0 0.5983640625 0.233561 0.027750000000000052 0.014555333333333309
0 0.5718223125 0.23128325 0.02950000000000008 0.01366666666666666
0 0.5454681875 0.22967208333333333 0.03208325000000001 0.012888666666666632
0 0.5194681875 0.22830408333333335 0.03366674999999997 0.012444666666666687
0 0.49404118750000003 0.2275055 0.03562499999999996 0.012333333333333335
0 0.4692390625 0.22733874999999998 0.03758324999999996 0.012221999999999983
0 0.445093125 0.22764433333333334 0.03858325000000001 0.012221999999999983
0 0.4219264375 0.22819991666666667 0.03875000000000001 0.01266666666666666
0 0.3996764375 0.22933883333333333 0.03958325000000007 0.013110999999999984
0 0.3781556875 0.23067208333333333 0.040416499999999966 0.01355566666666666
0 0.357313875 0.232152 0.04049999999999998 0.013888666666666633
0 0.3378555 0.23392975 0.03891675 0.014333333333333337
0 0.2397935625 0.2740269166666667 0.04366649999999997 0.01888899999999999
0 0.222126875 0.27649916666666663 0.043416750000000004 0.01888899999999999
0 0.144423625 0.31169366666666665 0.050562499999999996 0.028166666666666673
0 0.906606 0.32712433333333335 0.062000000000000055 0.030500000000000027
0 0.9256372500000001 0.34537433333333334 0.06437499999999996 0.033333333333333326
0 0.94663725 0.36579100000000003 0.06499999999999995 0.03583333333333333
0 0.967595125 0.3888743333333333 0.06583150000000004 0.04116666666666663
0 0.889522625 0.31138808333333334 0.0595 0.027888999999999997
0 0.8741268125 0.29786025 0.05616674999999993 0.02466666666666667
0 0.8604393125 0.28605475 0.053666749999999985 0.022888999999999993
0 0.8476060000000001 0.27530475 0.05125000000000002 0.02088899999999999
0 0.83600175 0.26586033333333337 0.048333249999999994 0.01922199999999996
0 0.8254185 0.2571380833333333 0.04599999999999993 0.017555666666666664
0 0.6230226249999999 0.22233258333333333 0.024916749999999932 0.011444333333333334
0 0.6465643125 0.22508258333333334 0.02591650000000012 0.011222333333333362
0 0.5990435 0.21997141666666667 0.024916750000000043 0.01100000000000001
0 0.5755226250000001 0.21808249999999998 0.025499999999999967 0.010333333333333333
0 0.552246625 0.21650616666666667 0.028312499999999963 0.009666666666666685
0 0.5293091249999999 0.2154645 0.028437500000000004 0.009000000000000008
0 0.5069392500000001 0.21463116666666668 0.029874999999999985 0.009000000000000008
0 0.48481425 0.214152 0.030437500000000006 0.007916666666666655
0 0.46343925 0.21404783333333333 0.030562499999999992 0.007416666666666655
0 0.44239775 0.214388 0.03131250000000002 0.008000000000000007
0 0.421751875 0.21534633333333333 0.03200000000000003 0.008500000000000008
0 0.40167362500000003 0.21651299999999998 0.032062499999999994 0.008666666666666684
0 0.63951225 0.2067075 0.02191674999999993 0.009444333333333305
0 0.6201165 0.20438116666666667 0.02024999999999999 0.009583333333333333
0 0.600569625 0.20240200000000003 0.02012499999999995 0.00874999999999998
0 0.5809915 0.20090200000000003 0.021187500000000026 0.007833333333333331
0 0.56152275 0.19973533333333335 0.022249999999999992 0.007500000000000007
0 0.54227275 0.19888116666666666 0.02312499999999995 0.0069999999999999785
0 0.523444625 0.19811033333333333 0.024562500000000043 0.00708333333333333
0 0.50452275 0.19756866666666667 0.026187499999999975 0.006666666666666654
0 0.48603837499999997 0.19750616666666665 0.026312500000000016 0.006916666666666654
0 0.46796024999999997 0.19792283333333333 0.02712500000000001 0.0069999999999999785
0 0.4503665 0.1983395 0.02756249999999999 0.0071666666666666545
0 0.43326225 0.1989645 0.02756249999999999 0.0071666666666666545
0 0.416434125 0.19986033333333333 0.02806249999999999 0.007666666666666655
0 0.6992309999999999 0.233777 0.041312500000000085 0.01608333333333334
0 0.73294975 0.23948533333333333 0.041749999999999954 0.01633333333333334
0 0.7118455 0.21811033333333335 0.035499999999999976 0.013750000000000012
0 0.683408 0.21304783333333335 0.03368749999999998 0.012833333333333335
