0 0.6178300624999999 0.7686395833333333 0.3183855 0.38115200000000005
0 0.40938025 0.5311 0.24000400000000005 0.29543833333333336
0 0.284603 0.3716426666666667 0.14019299999999998 0.17454133333333333
0 0.21705200000000002 0.27897933333333336 0.1053335 0.1226666666666667
0 0.1750239375 0.21995783333333332 0.06825 0.08102766666666666
0 0.3031998125 0.16595425 0.09688224999999995 0.06535999999999997
0 0.254421625 0.13902258333333334 0.07308325000000004 0.04766666666666668
0 0.2211919375 0.12185741666666666 0.05657274999999998 0.037500000000000006
0 0.1976841875 0.1101665 0.04691675000000001 0.03072233333333331
0 0.1794993125 0.10134008333333333 0.039083250000000014 0.02766666666666666
0 0.165470625 0.09438858333333333 0.03218750000000001 0.024666666666666684
0 0.1508613125 0.08740591666666667 0.03587499999999999 0.02550000000000001
0 0.3769096875 0.21029941666666666 0.13510424999999998 0.0945833333333333
0 0.49284931249999997 0.2891915 0.1917454999999999 0.1525626666666667
0 0.66240075 0.42326083333333336 0.2397317499999999 0.2358526666666667
0 0.8531376875 0.6018275833333333 0.21372175000000004 0.28369933333333336
0 0.7959704375 0.9510663333333333 0.24975599999999998 0.16075166666666674
