0 0.591416875 0.2562675833333333 0.09699999999999998 0.06955566666666668
0 0.6442085625 0.2865453333333333 0.09266674999999991 0.08088866666666666
0 0.4160835625 0.2831564166666667 0.13066675 0.08222200000000002
0 0.3649585625 0.32126750000000004 0.13633349999999994 0.09955566666666665
0 0.305958625 0.3683786666666667 0.13916675 0.121778
0 0.23933356249999999 0.4261008333333334 0.13850025000000005 0.14733333333333332
0 0.167833625 0.49404525 0.132 0.17466666666666664
0 0.09612518749999999 0.5688786666666666 0.11683324999999997 0.20022199999999996
0 0.0333648125 0.6729898333333333 0.08087525 0.22199999999999998
0 0.515479625 0.8362139166666667 0.3083335 0.3256406666666667
0 0.597563 0.7062480833333333 0.26533324999999996 0.29733300000000007
0 0.64954225 0.59249575 0.22699999999999998 0.24033333333333345
0 0.6866359375 0.5049890833333334 0.19341675000000003 0.18377799999999989
0 0.7112818125 0.4409335833333333 0.16333324999999999 0.15066666666666662
