0 0.38858925 0.76141075 0.26514525000000005 0.3170126666666666
0 0.319657625 0.6541494166666666 0.22468875000000005 0.24979233333333328
0 0.269865125 0.5695020833333333 0.1923235 0.19668066666666661
0 0.23578325 0.5059665833333333 0.16466674999999997 0.1555556666666667
0 0.21119987499999998 0.4568554166666666 0.14299999999999996 0.1275553333333333
0 0.19209575 0.41782766666666665 0.12625 0.10633333333333334
0 0.1780749375 0.38743875 0.1116665 0.08522233333333329
0 0.9416375000000001 0.6697820833333333 0.07050000000000001 0.18666666666666665
0 0.8733875 0.6133553333333333 0.08300000000000007 0.17499999999999993
0 0.80145 0.5561053333333333 0.10100000000000009 0.15699999999999997
0 0.729075 0.5011886666666667 0.11524999999999996 0.13499999999999995
0 0.6597625 0.4521053333333333 0.12374999999999992 0.11166666666666664
0 0.5962000000000001 0.4089386666666667 0.12824999999999998 0.09599999999999997
0 0.538075 0.3724386666666667 0.12325000000000003 0.07966666666666666
0 0.4876375 0.341522 0.11450000000000005 0.06766666666666665
0 0.44745 0.317272 0.10449999999999998 0.055333333333333345
0 0.41351249999999995 0.2984386666666667 0.10475000000000001 0.04799999999999999
0 0.38263749999999996 0.2821053333333333 0.09525 0.04200000000000004
0 0.3571375 0.26893866666666666 0.08700000000000002 0.037333333333333385
0 0.16728325 0.363411 0.10000000000000002 0.0782223333333334
0 0.64699375 0.932588 0.23409100000000005 0.18179366666666663
0 0.3367 0.2578553333333333 0.07900000000000001 0.034333333333333355
