0 0.52636925 0.6150646666666667 0.2237499999999999 0.2783333333333334
0 0.42705675 0.6980646666666667 0.2252499999999999 0.32566666666666666
0 0.317663625 0.7834015 0.20516674999999998 0.352889
0 0.206997 0.849565 0.174 0.3173206666666667
0 0.10599700000000001 0.88889525 0.12633325 0.25198733333333334
0 0.40051125 0.4228726666666667 0.14875 0.15466666666666673
0 0.47257375 0.381206 0.15049999999999997 0.1343333333333333
0 0.5346778750000001 0.3461504166666667 0.14566650000000003 0.11322233333333331
0 0.586552875 0.3184560833333333 0.13349975000000003 0.09644433333333335
0 0.3205945625 0.4703448333333333 0.13716649999999997 0.1775556666666666
0 0.23826125 0.5225670833333333 0.11666675000000001 0.19822233333333328
0 0.15851125 0.5786782500000001 0.09333325 0.21644433333333335
0 0.0844905 0.6329283333333333 0.077 0.22499999999999998
0 0.6293440625000001 0.296877 0.12616650000000007 0.08288899999999993
0 0.6663544375 0.27959924999999997 0.11949999999999994 0.07288900000000001
0 0.608344125 0.5423215 0.20733325000000014 0.23155533333333328
0 0.671469125 0.4822103333333333 0.18600000000000005 0.18844466666666665
0 0.71988575 0.435988 0.16400000000000003 0.15566666666666668
0 0.7573649375 0.39909916666666667 0.14466674999999996 0.13433366666666668
0 0.7866045 0.3696546666666667 0.12812500000000004 0.11616700000000002
0 0.809594125 0.34621050000000003 0.11566674999999993 0.10022200000000003
0 0.8279691250000001 0.32721025000000004 0.10416674999999997 0.088889
0 0.843177375 0.31176591666666664 0.0958334999999999 0.07755566666666669
0 0.8563440625000001 0.29859925 0.08850000000000002 0.06955566666666663
0 0.7000524375 0.264627 0.11349999999999993 0.06733366666666668
0 0.25016700000000003 0.2937659166666667 0.06733350000000005 0.07255566666666663
0 0.30101075 0.2685714166666667 0.07533325000000002 0.0642223333333333
0 0.3499065 0.24662699999999999 0.08050000000000002 0.055833333333333346
0 0.39606274999999996 0.22779366666666667 0.08424999999999999 0.049166666666666664
0 0.4395315 0.211627 0.085625 0.044333333333333336
0 0.47925025 0.19850199999999998 0.0837500000000001 0.03966666666666668
0 0.51462525 0.18808533333333333 0.084625 0.035500000000000004
0 0.54756275 0.17979366666666666 0.08387500000000014 0.0325
0 0.57737525 0.17279366666666665 0.07950000000000002 0.030666666666666675
0 0.604094 0.16704366666666665 0.07674999999999998 0.028666666666666646
0 0.19912524999999998 0.3215713333333333 0.058000000000000024 0.08166666666666661
0 0.14887525 0.35186300000000004 0.053625000000000006 0.08999999999999997
0 0.10055231249999999 0.3837240833333333 0.056874999999999995 0.09849999999999992
0 0.0542608125 0.4171269166666667 0.061333500000000006 0.10577800000000004
0 0.151115 0.292391 0.043125 0.06133333333333335
0 0.192568125 0.268891 0.04593749999999999 0.05616666666666664
0 0.23424 0.24722433333333332 0.05199999999999999 0.05016666666666669
0 0.27564625 0.22747433333333333 0.05700000000000002 0.043999999999999984
0 0.31627125 0.209891 0.0605 0.039666666666666656
0 0.35533375 0.194266 0.06312499999999999 0.03516666666666668
0 0.3918025 0.18093266666666666 0.06362499999999999 0.031
0 0.42683375 0.16980766666666666 0.06437500000000002 0.027499999999999997
0 0.45899 0.16055766666666665 0.06137499999999996 0.024333333333333346
0 0.628812875 0.16266875 0.07199999999999995 0.026499999999999996
0 0.6520525 0.15930766666666668 0.06724999999999992 0.025500000000000023
0 0.7130315625 0.15034933333333333 0.06524999999999992 0.023333333333333345
0 0.690781625 0.15290475 0.06716674999999994 0.02477766666666667
0 0.56857325 0.13768258333333333 0.0625 0.019111333333333314
0 0.54375025 0.141502 0.0625 0.019500000000000017
0 0.4894065 0.15316866666666665 0.06312500000000004 0.02216666666666664
0 0.5176877500000001 0.14658533333333332 0.06075000000000008 0.021333333333333343
0 0.4200524375 0.12568258333333332 0.04958324999999997 0.015666666666666676
0 0.44496912499999997 0.11971041666666667 0.05083324999999994 0.015
0 0.4686983125 0.11473808333333332 0.049750000000000016 0.013221999999999998
0 0.490531625 0.111127 0.04974999999999996 0.011999999999999997
0 0.5104274375 0.10793266666666666 0.048916750000000064 0.01111100000000001
0 0.39446906249999997 0.132377 0.046999999999999986 0.017000000000000015
0 0.3679743125 0.13980758333333332 0.044562500000000005 0.01933333333333334
0 0.339234625 0.1489395 0.04581249999999998 0.022583333333333344
0 0.30912525 0.15977283333333334 0.04450000000000004 0.023333333333333345
0 0.27920856250000003 0.17142558333333333 0.040729249999999995 0.025499999999999995
0 0.24840656249999998 0.18457141666666668 0.03975000000000001 0.029444333333333322
0 0.21711487499999998 0.19896033333333335 0.03633325000000001 0.031111000000000028
0 0.185969125 0.21434925 0.03316675000000002 0.03444433333333338
0 0.1549899375 0.23101591666666668 0.032333500000000015 0.03677766666666665
0 0.124364875 0.24846033333333334 0.0351665 0.040555666666666684
0 0.0943649375 0.26690483333333337 0.03749999999999999 0.04466666666666669
0 0.06526075 0.28598816666666665 0.03891649999999999 0.04722233333333331
0 0.0372815625 0.3057936666666667 0.04033325 0.05099999999999999
0 0.1106045 0.31759933333333334 0.04812499999999999 0.06866666666666665
0 0.9604899375 0.26723816666666667 0.027666749999999962 0.030777666666666703
0 0.936344125 0.24823808333333333 0.029249999999999998 0.02733333333333335
0 0.912651375 0.23088383333333334 0.03037500000000004 0.024500000000000022
0 0.889213875 0.2145505 0.03268749999999998 0.022333333333333344
0 0.86626075 0.19923800000000003 0.03399999999999992 0.01983333333333334
0 0.8442295 0.185238 0.03656250000000005 0.01758333333333334
0 0.82301075 0.17230741666666669 0.039000000000000035 0.015222333333333338
0 0.80230225 0.16037008333333333 0.04241649999999986 0.013861333333333309
0 0.98393775 0.2861686666666667 0.023625000000000007 0.03133333333333338
0 0.2112155625 0.18073358333333334 0.03058324999999998 0.024222333333333346
0 0.1837989375 0.193928 0.028749999999999998 0.0255556666666667
0 0.10354893750000001 0.23806691666666666 0.03125 0.03177766666666665
0 0.078403125 0.2538725 0.030250000000000013 0.031333333333333296
0 0.0532780625 0.27065025 0.032999999999999995 0.035221999999999976
0 0.028439625 0.288664 0.033375 0.03741666666666671
0 0.129778125 0.22259466666666666 0.029833249999999978 0.029666666666666675
0 0.15663218750000002 0.20778908333333335 0.028083499999999983 0.02733333333333335
0 0.292314625 0.14690716666666667 0.03887500000000005 0.017999999999999988
0 0.248726 0.14007383333333334 0.029000000000000026 0.015583333333333338
0 0.270616625 0.1314905 0.028374999999999984 0.013749999999999984
0 0.22606975 0.14957383333333332 0.026312500000000016 0.016666666666666663
0 0.20383537499999999 0.15953216666666667 0.0251875 0.018166666666666664
0 0.181491625 0.1699905 0.02325000000000002 0.019916666666666666
0 0.159304125 0.18094883333333334 0.022937500000000027 0.021083333333333343
0 0.13719475 0.192928 0.024875000000000008 0.023749999999999993
0 0.11531975 0.20553216666666668 0.025687499999999988 0.02441666666666667
0 0.093851 0.21828216666666667 0.02725000000000001 0.026999999999999996
0 0.072710375 0.23146966666666666 0.028562499999999998 0.028916666666666674
0 0.0521635 0.2452405 0.028937500000000005 0.0305
0 0.031710375 0.25959466666666664 0.0306875 0.032166666666666704
0 0.012710375 0.27288633333333334 0.026625 0.02699999999999997
0 0.292002125 0.12353216666666667 0.031125000000000014 0.013333333333333336
0 0.313424 0.11619883333333333 0.03131250000000002 0.011249999999999996
0 0.334002125 0.10978216666666667 0.03281250000000002 0.010416666666666657
0 0.3544865 0.10390716666666666 0.034062499999999996 0.009749999999999995
0 0.37458024999999995 0.09865716666666666 0.03400000000000003 0.00866666666666667
0 0.3938615 0.09403216666666667 0.03412499999999996 0.00816666666666667
0 0.41211149999999996 0.08994883333333334 0.03418749999999998 0.007833333333333331
0 0.42918962499999996 0.08632383333333334 0.03250000000000003 0.007166666666666668
0 0.4154655625 0.10992791666666667 0.04233324999999999 0.011333333333333334
0 0.4365071875 0.10506691666666666 0.04083324999999999 0.009999999999999995
0 0.3930071875 0.115678 0.04299999999999998 0.012111333333333335
