0 0.7830644999999999 0.9059140000000001 0.21048374999999997 0.23118266666666654
0 0.6479838124999999 0.8268817500000001 0.27096774999999995 0.35161299999999995
0 0.47377100000000005 0.6615818333333333 0.23313250000000008 0.28915666666666673
0 0.400578125 0.5742324166666667 0.2048192499999999 0.24176733333333345
0 0.34351175 0.5040156666666666 0.17675000000000002 0.18366666666666664
0 0.30082425 0.451849 0.1475 0.14299999999999996
0 0.27232425000000005 0.41251566666666667 0.12750000000000003 0.12
0 0.24657425 0.380599 0.11725 0.09733333333333333
0 0.21976175 0.34601566666666667 0.056999999999999995 0.06
0 0.964746 0.5533833333333333 0.06925000000000003 0.17999999999999994
0 0.897246 0.4973 0.08699999999999997 0.17200000000000004
0 0.819121 0.43846666666666667 0.11599999999999999 0.16066666666666662
0 0.6753709999999999 0.3459666666666667 0.11824999999999997 0.10800000000000004
0 0.6164959999999999 0.31188333333333335 0.12324999999999997 0.09166666666666667
0 0.561496 0.2833 0.12175000000000002 0.07999999999999999
0 0.5143709999999999 0.2604666666666667 0.11374999999999996 0.07166666666666668
0 0.473371 0.2433833333333333 0.11124999999999996 0.06566666666666665
0 0.4389545 0.22896666666666665 0.09962500000000002 0.05899999999999997
0 0.410142 0.21763333333333332 0.09787499999999999 0.055833333333333346
0 0.38367324999999997 0.20671666666666666 0.09050000000000002 0.053333333333333344
0 0.8984330625 0.9489489166666667 0.12833324999999995 0.14188
