0 0.6638649375 0.6899085833333333 0.27649250000000003 0.32275566666666655
0 0.773977375 0.77584675 0.23349225000000007 0.33811900000000006
0 0.8692523125 0.8437855000000001 0.17905349999999998 0.31781366666666666
0 0.9513835 0.8810264166666667 0.12882700000000002 0.25759033333333337
0 0.5534871875 0.5993959166666667 0.29179825 0.2926963333333333
0 0.448371375 0.5107899166666667 0.28774875 0.266169
0 0.36494306249999997 0.44024975 0.23818324999999996 0.20794266666666666
0 0.3042026875 0.38826625 0.22481424999999997 0.1829513333333333
0 0.25687375 0.3478853333333333 0.18968925 0.15194966666666665
0 0.22075768750000002 0.31638825 0.17736150000000006 0.14231066666666664
0 0.18608831250000002 0.28513983333333337 0.15643200000000002 0.1295013333333334
0 0.159304 0.2613468333333333 0.12889575 0.11166666666666666
0 0.141136125 0.24563475 0.11795825000000001 0.09444433333333332
