0 0.4005705625 0.7887966666666666 0.28443975 0.31286333333333327
0 0.3481328125 0.6477178333333333 0.24522825000000004 0.2572616666666666
0 0.3126555625 0.5354771666666667 0.21099599999999996 0.19170133333333333
0 0.2851141875 0.44875525 0.17925349999999998 0.16431533333333337
0 0.2672748125 0.3805378333333333 0.14966675 0.122
0 0.25514975 0.33053775 0.13549999999999998 0.10688866666666669
0 0.24481643749999998 0.28726 0.11833324999999997 0.09155533333333332
0 0.238608125 0.2559266666666667 0.10650000000000001 0.07
0 0.23377475 0.23031558333333335 0.09816650000000002 0.07022233333333336
0 0.9488415 0.74726 0.10776700000000006 0.23044433333333336
0 0.88777475 0.6636488333333334 0.12066650000000001 0.22311099999999995
0 0.8218996875 0.5717599999999999 0.1388332499999999 0.19755533333333336
0 0.7552330625 0.48687108333333334 0.14550000000000007 0.161111
0 0.69189975 0.41320441666666663 0.15100000000000002 0.1308886666666667
0 0.635066375 0.3500933333333333 0.14600000000000002 0.1022223333333333
0 0.5845664375 0.29848216666666666 0.14100000000000001 0.0857776666666667
0 0.5413996875 0.25776 0.12716675000000005 0.0662223333333333
0 0.50602475 0.22609333333333334 0.11966675000000004 0.056221999999999994
0 0.47564975 0.20003775000000001 0.10900000000000004 0.04755533333333334
0 0.44764975 0.17659341666666667 0.10566675000000003 0.044222333333333363
0 0.4246080625 0.15876 0.08683325000000003 0.03222200000000003
