0 0.65450325 0.8646154166666666 0.30421699999999996 0.2841273333333334
0 0.7251356875 0.73464775 0.24759049999999994 0.2851406666666666
0 0.7542020625 0.6172783333333334 0.20662674999999997 0.23212866666666665
0 0.7734791249999999 0.5287241666666667 0.17530124999999996 0.17349400000000004
0 0.7854088125 0.46459550000000005 0.15253800000000006 0.14618466666666674
0 0.7931889999999999 0.414364 0.13466674999999995 0.11644433333333326
0 0.07488375 0.7838976666666667 0.12199999999999998 0.2693333333333334
0 0.14575875 0.6943976666666667 0.14 0.2466666666666668
0 0.22013375000000002 0.605231 0.15450000000000003 0.21533333333333338
0 0.29250875 0.5240643333333334 0.16700000000000004 0.174
0 0.35838375 0.4560643333333333 0.16650000000000004 0.1393333333333333
0 0.41438375000000005 0.3995643333333333 0.16199999999999998 0.10933333333333334
0 0.46363375 0.35523099999999996 0.1519999999999999 0.08866666666666667
0 0.0373190625 0.6308976666666667 0.07875875 0.18466666666666676
0 0.09663375 0.565231 0.094 0.16466666666666668
0 0.15750875 0.5025643333333334 0.1045 0.14200000000000002
0 0.21650875 0.4433976666666667 0.11100000000000002 0.11599999999999999
0 0.27350875 0.392731 0.121 0.09599999999999997
0 0.32650875 0.34939766666666666 0.1175 0.07533333333333336
0 0.014799625 0.4472106666666667 0.03347425 0.07600000000000001
0 0.05072425 0.41429400000000005 0.05249999999999999 0.08333333333333331
0 0.10316175 0.367794 0.0795 0.08733333333333337
0 0.16453675 0.3187106666666667 0.08625000000000001 0.07033333333333336
0 0.5549146875 0.206001 0.06766675 0.03444466666666665
0 0.5219980625 0.19772325000000002 0.07300000000000001 0.03222233333333335
0 0.586748 0.18527883333333334 0.05416674999999993 0.021999999999999992
0 0.558498 0.17822308333333334 0.06283324999999995 0.021555666666666667
0 0.5296229375 0.1716675 0.06016650000000001 0.020222333333333342
0 0.49137300000000006 0.19066766666666668 0.07150000000000001 0.03044433333333335
0 0.5036646875 0.16527883333333332 0.062499999999999944 0.01888899999999999
0 0.4635813125 0.18327875000000002 0.07216674999999995 0.030444333333333323
0 0.797768875 0.37447325 0.12066650000000001 0.10122200000000003
0 0.80072725 0.34064 0.10949999999999993 0.08200000000000002
0 0.80378975 0.31489 0.09699999999999998 0.06666666666666665
0 0.80610225 0.29464 0.09075000000000011 0.059
0 0.80741475 0.2774733333333333 0.08225000000000005 0.05266666666666664
0 0.80866475 0.26314 0.07650000000000001 0.046999999999999986
0 0.80991475 0.2513066666666667 0.07225000000000004 0.04366666666666666
0 0.64408325 0.15920333333333334 0.041749999999999954 0.017000000000000015
0 0.659927 0.15037 0.03687499999999999 0.014666666666666661
0 0.63627075 0.14395333333333332 0.039874999999999994 0.013000000000000012
0 0.6187395 0.15228666666666668 0.044875 0.01533333333333331
0 0.5934895 0.14632833333333334 0.04525000000000001 0.014666666666666689
0 0.612427 0.13853666666666667 0.03949999999999998 0.011666666666666659
0 0.569427 0.14107833333333333 0.045875 0.014333333333333309
0 0.589927 0.13312000000000002 0.03925000000000001 0.01200000000000001
0 0.56858325 0.12832833333333335 0.04074999999999995 0.010999999999999996
0 0.54695825 0.13637 0.04562500000000003 0.012833333333333335
0 0.525677 0.132745 0.04674999999999996 0.013000000000000012
0 0.54814575 0.12420333333333333 0.039874999999999994 0.011333333333333348
0 0.35643975 0.16777266666666668 0.06362499999999999 0.02316666666666667
0 0.3972835 0.15056433333333333 0.059 0.015166666666666662
0 0.33825225000000003 0.16552266666666665 0.05725000000000002 0.021833333333333343
0 0.37712725 0.148731 0.05525000000000002 0.016000000000000014
0 0.3222835 0.16352266666666665 0.05587499999999995 0.021666666666666667
0 0.36006475000000004 0.14681433333333332 0.05275000000000002 0.015333333333333338
