0 0.4122835 0.7617293333333334 0.2605 0.30800000000000005
0 0.33765850000000003 0.6508126666666667 0.2285 0.245
0 0.2870545 0.564674 0.19125 0.17700000000000005
0 0.252617 0.5020073333333332 0.16850000000000004 0.13800000000000007
0 0.226742 0.45359066666666664 0.14775000000000005 0.11199999999999993
0 0.2078045 0.41631291666666664 0.12841675000000002 0.09633333333333333
0 0.19282525 0.38600725 0.11566674999999998 0.08311099999999999
0 0.1801585625 0.35934066666666664 0.10266675 0.07888899999999999
0 0.17078356249999999 0.33700725000000004 0.09516675 0.0673333333333333
0 0.94370025 0.6853406666666666 0.06599999999999995 0.17566666666666664
0 0.87963775 0.6285906666666666 0.08625000000000005 0.17333333333333334
0 0.80976275 0.5695073333333334 0.09975 0.15733333333333338
0 0.73932525 0.5140906666666667 0.11425000000000007 0.14033333333333337
0 0.6700127499999999 0.46242399999999995 0.12349999999999994 0.12133333333333335
0 0.60595025 0.41650733333333334 0.12575000000000003 0.10200000000000004
0 0.54988775 0.378674 0.12225000000000003 0.08399999999999996
0 0.50201275 0.34800733333333334 0.11725000000000002 0.0716666666666666
0 0.46063774999999996 0.3220906666666667 0.11075000000000002 0.061333333333333295
0 0.42482525 0.3012573333333334 0.10650000000000004 0.05133333333333334
0 0.39232524999999996 0.28375733333333336 0.09700000000000003 0.04533333333333334
0 0.36438775 0.268924 0.08825 0.04033333333333333
0 0.34213774999999996 0.25625733333333334 0.07625000000000004 0.034999999999999976
0 0.3013878125 0.23806291666666665 0.07008324999999999 0.028777666666666674
0 0.28510131250000004 0.2307989166666667 0.06397925000000004 0.025889000000000023
0 0.271871625 0.22530983333333332 0.05966650000000001 0.025333666666666643
0 0.2609131875 0.2194765833333333 0.05499999999999999 0.02488866666666667
