0 0.47231650000000003 0.536122 0.14199999999999996 0.186
0 0.383504 0.5100386666666666 0.14825 0.17099999999999993
0 0.30644150000000003 0.48628866666666665 0.14625 0.14933333333333332
0 0.2425665 0.467622 0.13025000000000003 0.1313333333333333
0 0.19256649999999997 0.45203866666666664 0.1185 0.11800000000000005
0 0.571254 0.562497 0.126 0.20166666666666672
0 0.668629 0.586372 0.10299999999999998 0.20400000000000001
0 0.7584415 0.6067053333333333 0.10824999999999996 0.19999999999999996
0 0.8383165 0.6222053333333334 0.10649999999999993 0.18866666666666665
0 0.39544706249999995 0.81666225 0.24242424999999995 0.2181820000000001
0 0.17991681250000002 0.6962076666666667 0.17500000000000002 0.18888899999999997
