0 0.38941625 0.37298691666666667 0.15899999999999997 0.10400000000000004
0 0.33291625 0.43376475000000003 0.1726665 0.13511099999999998
0 0.263332875 0.5145424166666667 0.179 0.18222233333333338
0 0.191207875 0.6070979999999999 0.16333325000000004 0.21244433333333324
0 0.1177495625 0.7074313333333333 0.15733325000000004 0.2617776666666666
0 0.435275 0.32416 0.15008350000000004 0.08733333333333332
0 0.47342074999999995 0.28446541666666664 0.13549999999999995 0.06911133333333336
0 0.534004 0.23118766666666668 0.11800000000000005 0.05222233333333334
0 0.75679575 0.317771 0.11449999999999994 0.08200000000000002
0 0.75385825 0.3531876666666667 0.127 0.09466666666666668
0 0.7498790625 0.3978126666666667 0.14483325000000002 0.11683333333333334
0 0.743254 0.46140983333333335 0.17000000000000004 0.15466666666666667
0 0.7304206875 0.5421876666666667 0.1986667499999999 0.18311099999999997
0 0.709087375 0.65029875 0.238 0.24577799999999994
0 0.674879 0.7898543333333334 0.2845000000000001 0.29000000000000004
0 0.895504125 0.7524098333333333 0.16933349999999991 0.2266666666666668
0 0.8943374374999999 0.6332988333333334 0.15200000000000002 0.18444433333333332
0 0.8878374375 0.540521 0.13933325000000008 0.1675553333333334
0 0.87842075 0.46674333333333334 0.12950000000000006 0.132
0 0.86948325 0.4138266666666667 0.11749999999999994 0.10999999999999999
0 0.86179575 0.37157666666666667 0.10824999999999996 0.09799999999999998
0 0.7589282500000001 0.2889603333333333 0.10233325000000004 0.067778
0 0.760595 0.26623816666666666 0.09233325000000003 0.05822233333333332
0 0.8779655000000001 0.8956860833333333 0.19399999999999995 0.21952966666666662
0 0.8548821875 0.33635933333333334 0.09983349999999991 0.08266666666666661
0 0.8485488125 0.309026 0.09116675000000007 0.07066666666666666
0 0.761548875 0.24647041666666664 0.0838335 0.05266666666666664
0 0.8427571875000001 0.285526 0.08666650000000009 0.06711100000000003
0 0.8370071875 0.2644148333333333 0.08066675000000001 0.05666666666666667
0 0.8326321875 0.24874825 0.07466649999999997 0.04999999999999999
0 0.7622571875 0.22963708333333333 0.07633325000000002 0.04488900000000001
0 0.762632125 0.21641491666666665 0.07033325000000001 0.039555333333333303
0 0.7634237500000001 0.20494266666666666 0.0655 0.03683333333333336
0 0.763955 0.19481766666666667 0.06074999999999997 0.03216666666666668
0 0.7644237500000001 0.18573433333333333 0.05687500000000001 0.0315
0 0.8291321875 0.23480374999999998 0.07100000000000006 0.04666666666666666
0 0.8254655 0.22235933333333333 0.0665 0.042444666666666686
0 0.8221321875 0.21085933333333334 0.061999999999999944 0.040444666666666684
0 0.960226 0.310276 0.0595 0.05133333333333334
0 0.950976 0.293026 0.05912499999999998 0.04783333333333334
0 0.9419135000000001 0.277651 0.057499999999999996 0.04583333333333334
0 0.933101 0.263401 0.053749999999999964 0.04049999999999998
0 0.92500725 0.2505676666666667 0.05174999999999996 0.03833333333333336
0 0.9697988125 0.3290815833333333 0.058666500000000066 0.05044466666666664
0 0.624205 0.15456766666666666 0.07150000000000001 0.027166666666666645
0 0.635205 0.145526 0.06537500000000007 0.022999999999999993
0 0.6446321875000001 0.13805366666666666 0.0605 0.021666666666666667
0 0.652903 0.131776 0.05458350000000001 0.018555333333333326
0 0.660153 0.12641491666666665 0.05108349999999995 0.018222000000000002
0 0.6668405000000001 0.12085941666666666 0.04849999999999999 0.017889000000000016
