0 0.5159884375 0.5412524166666667 0.22499999999999992 0.23636366666666664
0 0.5987535625 0.6377170833333333 0.22575749999999994 0.28484833333333337
0 0.688905125 0.7430201666666667 0.2166667499999999 0.330303
0 0.7843596875 0.839462 0.1939392499999999 0.3251616666666667
0 0.44759825000000003 0.4607573333333333 0.20200000000000007 0.18333333333333335
0 0.39472324999999997 0.398424 0.181 0.14599999999999996
0 0.35353575000000004 0.3498406666666667 0.16249999999999998 0.11966666666666664
0 0.32122325 0.31200733333333336 0.14450000000000002 0.09899999999999998
0 0.29497325 0.2818406666666667 0.12974999999999998 0.08566666666666667
0 0.18097175 0.354198 0.13399999999999998 0.1243333333333333
0 0.19547175 0.395448 0.15049999999999997 0.14399999999999996
0 0.21484674999999998 0.44703133333333334 0.17250000000000001 0.174
0 0.2420135 0.5136703333333333 0.2005 0.21466666666666662
0 0.28151349999999997 0.6029479166666667 0.23500000000000001 0.26933333333333337
0 0.33771825 0.716122 0.2753335 0.32844433333333334
0 0.4283371875 0.8376813333333333 0.31445775 0.331727
0 0.8249373125 0.33656400000000003 0.08816675000000007 0.09355533333333332
0 0.8903539375 0.39278616666666666 0.07699999999999996 0.10933333333333334
0 0.7602288749999999 0.28706408333333333 0.09549999999999992 0.07755566666666669
0 0.1702705 0.3215363333333333 0.119 0.10266666666666663
0 0.274103875 0.2573695833333334 0.11483325000000005 0.07344433333333336
0 0.25804150000000003 0.23848066666666667 0.10424999999999998 0.06433333333333333
0 0.16215600000000002 0.296453 0.10762500000000001 0.09033333333333327
0 0.6165371875 0.19628291666666667 0.08816674999999996 0.037111000000000005
0 0.5807871874999999 0.17811616666666666 0.08466675000000001 0.030666666666666675
0 0.1558060625 0.27513383333333336 0.09933349999999999 0.08111100000000002
0 0.1503894375 0.25691158333333336 0.09100000000000001 0.07155566666666668
0 0.14584775 0.24196725 0.08466650000000002 0.064889
0 0.14222275 0.22891166666666668 0.079 0.059111
0 0.1391185 0.21739766666666666 0.07375000000000002 0.05533333333333332
0 0.13646225 0.207106 0.069625 0.050666666666666665
0 0.13402475 0.197981 0.06537500000000003 0.04633333333333334
0 0.13208725 0.19056433333333334 0.062375000000000014 0.042333333333333334
0 0.13052475 0.18368933333333332 0.05850000000000001 0.03983333333333333
0 0.2443894375 0.22291166666666667 0.09666675 0.05755566666666667
0 0.23259768749999998 0.20952275 0.08866649999999998 0.05066633333333331
0 0.2222645 0.19841166666666668 0.08149999999999996 0.04666666666666666
0 0.2137645 0.18845333333333333 0.075125 0.042333333333333334
0 0.20642075 0.17970333333333333 0.06987500000000002 0.03933333333333333
0 0.1998895 0.171995 0.06562499999999999 0.036000000000000004
0 0.19370199999999999 0.16532833333333335 0.06112500000000001 0.033
0 0.18873325 0.159495 0.05687499999999998 0.0305
0 0.18454575 0.15437 0.05449999999999999 0.029333333333333322
0 0.54704575 0.1622866666666667 0.08737499999999998 0.030666666666666675
0 0.51523325 0.14832833333333334 0.083625 0.02633333333333332
0 0.8410977500000001 0.25893933333333335 0.047875 0.046833333333333366
0 0.80484775 0.23302266666666666 0.051124999999999976 0.03950000000000001
0 0.76991025 0.21068933333333334 0.053749999999999964 0.033833333333333326
0 0.7350665000000001 0.189356 0.05899999999999994 0.031666666666666676
0 0.701504 0.17039766666666667 0.05812500000000009 0.024166666666666642
0 0.6713165000000001 0.15531433333333333 0.05787500000000001 0.020833333333333315
0 0.6423165 0.14131433333333332 0.06087500000000001 0.01983333333333334
0 0.61384775 0.128606 0.0605 0.016999999999999987
0 0.588504 0.11835599999999999 0.05700000000000005 0.014499999999999999
0 0.6225665 0.11431433333333332 0.05337500000000006 0.010999999999999996
0 0.6458165 0.124106 0.054749999999999965 0.014000000000000012
0 0.67203525 0.13614766666666667 0.05412499999999998 0.017166666666666663
0 0.698879 0.14939766666666665 0.05037499999999995 0.018000000000000016
0 0.726379 0.16373100000000002 0.05074999999999996 0.020666666666666667
0 0.75703525 0.18102266666666667 0.051000000000000045 0.02633333333333332
0 0.78828525 0.19989766666666667 0.04500000000000004 0.027666666666666645
0 0.81903525 0.21968933333333332 0.04337500000000005 0.03216666666666668
0 0.85122275 0.24252266666666666 0.04125000000000001 0.03883333333333333
0 0.8800352499999999 0.2645226666666667 0.031000000000000028 0.03516666666666665
0 0.87241025 0.283606 0.034499999999999975 0.04216666666666663
0 0.8915145 0.23563391666666667 0.02749999999999997 0.02844433333333332
0 0.8669519375 0.21749500000000002 0.031000000000000028 0.028778000000000026
0 0.8409935625 0.19949508333333335 0.03400000000000003 0.02533333333333332
0 0.816118625 0.1835505 0.032833250000000036 0.021333333333333343
0 0.791681125 0.16838383333333334 0.03766650000000005 0.020666666666666667
0 0.766764375 0.15382825 0.03858349999999988 0.017778000000000016
0 0.7433060625000001 0.14141166666666666 0.03858349999999988 0.014666666666666661
0 0.7203476875 0.13002275 0.04108350000000005 0.013889000000000012
0 0.697118625 0.11902283333333333 0.04200000000000004 0.011888666666666672
0 0.67566025 0.1098005 0.04008349999999994 0.010222333333333347
0 0.6553894375 0.10132825 0.04266650000000005 0.010222333333333347
0 0.6350769375 0.09307833333333333 0.042749999999999955 0.009222333333333346
0 0.916368625 0.25502275 0.02849999999999997 0.034332999999999975
0 0.95284775 0.45407833333333336 0.06433349999999993 0.1286666666666667
0 0.48794150000000003 0.13755066666666665 0.07825000000000004 0.022833333333333344
