0 0.628521 0.82605 0.24943224999999997 0.36095333333333335
0 0.5048950624999999 0.7559591666666667 0.26731000000000005 0.3950056666666666
0 0.4035896875 0.6677071666666667 0.2579455000000001 0.34392733333333336
0 0.3218283125 0.5894349999999999 0.23240625000000006 0.2903866666666667
0 0.26250475 0.5254561666666666 0.20301200000000003 0.23694799999999994
0 0.21850324999999998 0.47555858333333334 0.18051799999999996 0.19357433333333335
0 0.13752825000000002 0.38170533333333334 0.12500000000000003 0.126
0 0.12184075000000001 0.3617053333333333 0.116 0.11199999999999999
0 0.10834075000000001 0.344872 0.10550000000000001 0.09966666666666668
0 0.09752825000000001 0.33003866666666665 0.0965 0.09133333333333338
0 0.15734075 0.40628866666666663 0.14225000000000004 0.14566666666666667
0 0.18402825 0.4374553333333333 0.15975 0.16799999999999998
0 0.7551179375 0.8702320833333334 0.18795174999999986 0.29206599999999994
0 0.8632505 0.9001518333333334 0.12590374999999998 0.22620233333333328
0 0.8718472500000001 0.379088 0.05800000000000005 0.10866666666666663
0 0.8209722500000001 0.347338 0.058250000000000024 0.09633333333333327
0 0.7679097500000001 0.31667133333333336 0.0625 0.08799999999999997
0 0.71384725 0.2887546666666667 0.07325000000000004 0.07400000000000001
0 0.65997225 0.26542133333333334 0.0814999999999999 0.068
0 0.60897225 0.24425466666666668 0.08725000000000005 0.06133333333333332
0 0.5601597500000001 0.22650466666666666 0.09075 0.05366666666666667
0 0.51597225 0.212088 0.08825000000000005 0.04766666666666666
0 0.47584725 0.20050466666666666 0.09125000000000005 0.04533333333333334
0 0.43890975 0.191338 0.08925 0.04200000000000001
0 0.40703475 0.183838 0.08374999999999999 0.03933333333333333
0 0.37897225 0.17825466666666667 0.08274999999999999 0.036000000000000004
0 0.35222224999999996 0.173838 0.08050000000000002 0.03366666666666665
0 0.32853475 0.170338 0.07374999999999998 0.032
