0 0.23870962499999998 0.51505375 0.18790325 0.196774
0 0.4427419375 0.6521505833333334 0.3048384999999999 0.2849463333333334
0 0.7151209374999999 0.7997311666666667 0.30564525 0.2580646666666667
0 0.356048375 0.31344083333333334 0.17661300000000002 0.10752666666666666
0 0.5336693125 0.382258 0.2403225 0.160215
0 0.7471774375 0.48333325000000005 0.22499999999999998 0.19247300000000006
0 0.9268144375 0.5782258333333333 0.14758074999999993 0.17526866666666663
0 0.2444425 0.12557266666666667 0.09175000000000003 0.07499999999999998
0 0.30672374999999996 0.06686433333333333 0.07100000000000001 0.049
0 0.32622375 0.12357266666666668 0.10762500000000003 0.07916666666666668
0 0.0661784375 0.235603 0.044583250000000005 0.034833333333333355
0 0.0446053125 0.2291861666666667 0.036083500000000004 0.027555666666666673
0 0.0272928125 0.22499175 0.02829175 0.022194666666666668
