0 0.2931875 0.8522551666666667 0.231 0.3192153333333333
0 0.4125625 0.777118 0.251 0.3673333333333333
0 0.5138125 0.682118 0.24200000000000005 0.31733333333333325
0 0.2203125 0.6292846666666666 0.1315 0.2426666666666666
0 0.3099375 0.5647846666666667 0.15349999999999997 0.21866666666666668
0 0.39468749999999997 0.503618 0.16449999999999998 0.18399999999999994
0 0.47081249999999997 0.44995133333333337 0.16800000000000004 0.15399999999999997
0 0.5971875 0.594118 0.22949999999999998 0.26599999999999996
0 0.6628125 0.5209513333333333 0.20450000000000002 0.20999999999999996
0 0.5353125 0.4037846666666667 0.16350000000000003 0.13
0 0.5896874999999999 0.36545133333333335 0.15449999999999997 0.11333333333333334
0 0.7113125 0.4637846666666667 0.18100000000000005 0.16666666666666663
0 0.78814575 0.3723019166666667 0.13233324999999996 0.11199999999999999
0 0.808229125 0.34674641666666667 0.119 0.09600000000000003
0 0.6862290625 0.29996866666666666 0.125 0.07955566666666669
0 0.71414575 0.28196866666666665 0.11199999999999999 0.07022233333333336
0 0.735062375 0.2686908333333333 0.10433324999999982 0.06133333333333332
0 0.8244373125 0.32552416666666667 0.10883324999999999 0.08422233333333329
0 0.7549790625 0.25696874999999997 0.09883349999999991 0.05777766666666667
0 0.8379374375 0.307802 0.09883324999999998 0.07111099999999998
0 0.8481874375 0.294302 0.09166675000000002 0.06355533333333335
0 0.7726874375 0.24624641666666666 0.08500000000000008 0.05200000000000002
0 0.78589575 0.23869091666666667 0.08083325000000008 0.046889000000000014
0 0.8578956875 0.2831909166666667 0.0824999999999999 0.061555666666666675
0 0.8652706875 0.2731908333333333 0.07800000000000007 0.05755533333333335
0 0.797254625 0.23132275000000002 0.07733325000000002 0.04288866666666666
0 0.871879625 0.2643226666666667 0.07283324999999996 0.05199999999999999
0 0.808754625 0.22510041666666666 0.07066675 0.03866666666666668
0 0.817963 0.21971158333333332 0.06399999999999995 0.03688899999999998
0 0.877296375 0.2563226666666667 0.0684999999999999 0.048444666666666636
0 0.8267129999999999 0.2142115 0.06266675 0.035777999999999976
0 0.8829629999999999 0.24876708333333333 0.06299999999999994 0.045777999999999985
0 0.8876296874999999 0.24243383333333335 0.0595 0.042444333333333334
0 0.8347129999999999 0.20943375 0.057666499999999954 0.033333333333333326
0 0.8916296874999999 0.23632266666666668 0.05616675000000004 0.03933333333333336
0 0.8414213125 0.20543383333333332 0.05333325 0.032222
0 0.89579625 0.23165599999999997 0.054500000000000104 0.037555666666666626
0 0.847390125 0.20175316666666668 0.05149999999999999 0.029388666666666674
0 0.8526609999999999 0.19867 0.04862500000000003 0.028166666666666645
0 0.8988484999999999 0.22642 0.05062500000000003 0.03433333333333333
0 0.31099225 0.18747033333333332 0.06175000000000003 0.030166666666666647
0 0.30161725 0.18167866666666665 0.057374999999999954 0.02799999999999997
0 0.293211 0.1767203333333333 0.05349999999999999 0.026166666666666644
0 0.28571100000000005 0.17267866666666665 0.04974999999999996 0.02483333333333332
0 0.2791485 0.16884533333333332 0.046999999999999986 0.023833333333333317
0 0.272961 0.16542866666666667 0.04425000000000001 0.022333333333333316
0 0.26661725000000003 0.16172033333333333 0.04150000000000001 0.022499999999999992
