0 0.153265875 0.6931476666666667 0.12400000000000001 0.22977766666666677
0 0.24726599999999999 0.6793699166666667 0.11800000000000002 0.2440000000000001
0 0.35609925000000003 0.6583699166666667 0.12866650000000002 0.25288900000000003
0 0.4667659375 0.6321476666666667 0.14566674999999996 0.24222233333333332
0 0.5709325625 0.603481 0.16066674999999997 0.22844433333333347
0 0.6625159375 0.5732588333333333 0.16166650000000005 0.20977799999999996
0 0.7386825625 0.5451476666666667 0.15200000000000002 0.18711100000000003
0 0.7988493125 0.52170325 0.14333324999999997 0.16444466666666663
0 0.8484325625 0.5020365833333333 0.13066650000000002 0.14622233333333334
0 0.3095070625 0.42408741666666666 0.08833350000000001 0.12977766666666674
0 0.38717375 0.40642075 0.08833325000000003 0.1253333333333333
0 0.266935125 0.27205216666666665 0.067 0.05733333333333335
0 0.40847675 0.2397743333333333 0.052666749999999984 0.04400000000000001
0 0.3149143125 0.259052 0.05241649999999998 0.05088866666666669
0 0.36128925 0.24832991666666668 0.050416750000000066 0.048000000000000015
0 0.4993100625 0.22677424999999998 0.062 0.03666666666666665
0 0.4548100625 0.23238541666666665 0.057666750000000044 0.04000000000000001
0 0.54297675 0.22260758333333333 0.06783324999999996 0.03511133333333333
0 0.58447675 0.22032983333333334 0.07066649999999985 0.033333333333333354
0 0.6228934374999999 0.21960766666666665 0.07316649999999991 0.03288866666666665
0 0.6583100625 0.21916325 0.07150000000000001 0.032889
