0 0.12683850000000002 0.851775 0.18000000000000002 0.3197833333333333
0 0.2709635 0.7725500000000001 0.239 0.3833333333333333
0 0.5329634999999999 0.5780500000000001 0.22499999999999987 0.29200000000000004
0 0.617401 0.5069389166666667 0.2084999999999999 0.24644433333333338
0 0.6821301875 0.45371675 0.17633350000000003 0.19977766666666663
0 0.7295885 0.41227216666666666 0.1571665 0.1713333333333334
0 0.7679219375 0.37599458333333335 0.14200000000000002 0.1524443333333334
0 0.79875525 0.34621674999999996 0.127 0.12666666666666665
0 0.8226719375 0.32466116666666667 0.11133325000000005 0.11111100000000002
0 0.840974 0.3072166666666667 0.10075 0.09850000000000009
0 0.8567865000000001 0.2928 0.09087499999999993 0.08850000000000002
0 0.8689427500000001 0.28075833333333333 0.082125 0.07916666666666669
0 0.87894275 0.2700916666666667 0.0747500000000001 0.07116666666666666
0 0.88813025 0.26088333333333336 0.07037500000000008 0.06649999999999998
0 0.7889796875 0.7658292499999999 0.19939750000000012 0.32128499999999993
0 0.84108975 0.6736246666666666 0.16699999999999993 0.2706666666666665
0 0.8772198124999999 0.600701 0.14066675000000006 0.22533333333333333
0 0.902094875 0.5426453333333333 0.12466675000000005 0.19444433333333339
0 0.92071975 0.495062 0.10775000000000001 0.16933333333333334
0 0.93428225 0.457812 0.09699999999999998 0.14833333333333337
0 0.94471975 0.42722866666666665 0.08725000000000005 0.13033333333333336
0 0.9525009999999999 0.401312 0.07899999999999996 0.1166666666666667
0 0.9585947499999999 0.37914533333333333 0.07100000000000006 0.10466666666666663
0 0.96334475 0.35997866666666667 0.06500000000000006 0.09066666666666662
0 0.345394 0.26019333333333333 0.11149999999999999 0.10733333333333336
0 0.4099565 0.2317766666666667 0.11625000000000002 0.09266666666666665
0 0.468144 0.21011000000000002 0.11675000000000002 0.08133333333333331
0 0.519644 0.19261 0.11549999999999999 0.07233333333333336
0 0.565644 0.18011 0.11175000000000002 0.06600000000000003
0 0.6058939999999999 0.16986 0.10250000000000004 0.06133333333333335
0 0.639644 0.16202666666666668 0.09625000000000006 0.05700000000000002
0 0.668644 0.15644333333333332 0.09099999999999997 0.053666666666666696
0 0.693894 0.15236 0.08699999999999997 0.04933333333333337
0 0.7164900000000001 0.14918225000000002 0.08100000000000007 0.04644433333333334
0 0.7361566875 0.14679333333333333 0.07700000000000007 0.043555333333333335
0 0.7527815625000001 0.14496 0.07216674999999995 0.041777999999999996
0 0.768573375 0.14379333333333333 0.0695 0.03933333333333332
0 0.30067750000000004 0.18905733333333335 0.07600000000000001 0.062
0 0.35364625 0.16851566666666667 0.08250000000000002 0.056333333333333346
0 0.45127125 0.137224 0.08187499999999998 0.03900000000000001
0 0.40577125 0.150474 0.08537499999999998 0.04816666666666666
0 0.494115 0.12766833333333333 0.08637499999999998 0.03766666666666667
0 0.53345875 0.11971 0.07724999999999999 0.033166666666666664
0 0.56464625 0.11371 0.07024999999999992 0.030666666666666675
0 0.593599375 0.10918916666666667 0.07306250000000003 0.028166666666666673
0 0.62183375 0.106335 0.0685 0.026833333333333334
0 0.6480941875 0.10522391666666667 0.06645824999999994 0.025499999999999995
0 0.2595855 0.11927666666666666 0.051625000000000004 0.03749999999999999
0 0.29811675000000004 0.105485 0.05450000000000005 0.03216666666666666
0 0.33486675000000005 0.093485 0.055999999999999994 0.02916666666666666
0 0.36964800000000003 0.082235 0.05712499999999998 0.02733333333333332
0 0.24574175 0.09444333333333334 0.04162500000000002 0.028666666666666646
0 0.27939800000000004 0.08286 0.047875 0.02683333333333332
0 0.31224175000000004 0.07198500000000001 0.044875 0.02500000000000001
0 0.34242925 0.062485000000000006 0.04700000000000004 0.021166666666666674
