0 0.4954643125 0.7704088333333333 0.24457825 0.372691
0 0.603596875 0.6894851666666667 0.23132524999999998 0.3228913333333334
0 0.365042625 0.8374770833333334 0.23192775000000004 0.3405619999999999
0 0.29006824999999997 0.5440253333333334 0.12849999999999995 0.22133333333333327
0 0.38406825 0.49585866666666667 0.15000000000000002 0.1986666666666667
0 0.47369325 0.45285875 0.15833325000000004 0.17600000000000005
0 0.5511932500000001 0.4165253333333333 0.1493335 0.15111100000000005
0 0.6880265000000001 0.6172476666666666 0.20800000000000007 0.2746666666666666
0 0.7523599375 0.5583031666666667 0.18166675 0.22844433333333336
0 0.80026525 0.5115353333333333 0.15599999999999992 0.192
0 0.9125984999999999 0.391841 0.09950000000000003 0.10499999999999998
0 0.8899109999999999 0.41725766666666664 0.11350000000000005 0.121
0 0.8358068125 0.4747576666666667 0.1353335000000001 0.16355533333333339
0 0.6157014375000001 0.38723016666666665 0.14400000000000002 0.1306666666666667
0 0.67209725 0.362619 0.13624999999999998 0.11599999999999999
0 0.784456875 0.31588483333333334 0.11599999999999999 0.08111099999999993
0 0.8177069375 0.302607 0.10416674999999997 0.07155566666666668
0 0.25179025 0.3018846666666667 0.06350000000000003 0.08299999999999996
0 0.30847775 0.279218 0.07324999999999998 0.07599999999999998
0 0.36322775 0.2591346666666667 0.08025000000000004 0.0703333333333333
0 0.41454025 0.24263475 0.08633350000000001 0.06266666666666665
0 0.4627485625 0.22977366666666668 0.09066675000000007 0.056222333333333374
0 0.5078735625 0.2198291666666667 0.09233350000000007 0.050444666666666665
0 0.54894 0.21190333333333333 0.09175000000000011 0.04733333333333334
0 0.1957315625 0.326459 0.05916674999999999 0.09022233333333335
0 0.141564875 0.3524035 0.06233325000000001 0.09777766666666665
0 0.09101875 0.3792464166666667 0.06716675 0.10755566666666666
0 0.57433125 0.16573266666666664 0.08387500000000003 0.027499999999999997
0 0.61320625 0.162066 0.077125 0.02466666666666667
0 0.24543549999999997 0.244066 0.048875 0.05200000000000002
0 0.29062299999999996 0.22685766666666665 0.05449999999999999 0.04533333333333334
0 0.3348105 0.21148266666666665 0.058750000000000024 0.040666666666666684
0 0.3766334375 0.198066 0.05879175000000003 0.03433333333333333
0 0.1951985 0.591579 0.10400000000000001 0.23266666666666663
0 0.1089485625 0.6363568333333334 0.08566675000000001 0.23377799999999993
0 0.04383725 0.40781466666666666 0.07075000000000001 0.11333333333333334
0 0.1994601875 0.2627736666666667 0.046999999999999986 0.05422233333333332
0 0.1553768125 0.2814959166666667 0.04766675000000001 0.0546666666666667
0 0.11554343749999998 0.29960691666666667 0.04849999999999999 0.055999999999999994
0 0.274356 0.17521808333333333 0.03783325000000004 0.029333333333333322
0 0.30689768749999996 0.16466258333333333 0.04158349999999994 0.02722233333333332
0 0.3391685 0.1555515 0.04483324999999999 0.024888999999999994
0 0.37068931250000003 0.14785700000000002 0.04624999999999996 0.022333333333333344
0 0.49680399999999997 0.12680133333333332 0.06112499999999993 0.01866666666666665
0 0.24185425 0.18674033333333334 0.03399999999999995 0.03166666666666665
