0 0.56988875 0.5751503333333333 0.16749999999999998 0.2416666666666667
0 0.47295125 0.524817 0.1842499999999999 0.21799999999999997
0 0.66901375 0.625317 0.137 0.2526666666666666
0 0.7622846249999999 0.669817 0.10541675000000017 0.2503333333333333
0 0.8447636875 0.7082614166666666 0.08033349999999995 0.24222233333333332
0 0.9131803125 0.7394836666666667 0.06799999999999995 0.23199999999999998
0 0.9675935625 0.7624836666666667 0.06265300000000007 0.22088866666666673
0 0.3848108125 0.477216 0.18333325 0.19200000000000006
0 0.3088941875 0.4347715833333333 0.1746665 0.1693336666666666
0 0.2507275625 0.4017715833333333 0.15166674999999996 0.14044433333333328
0 0.20864425 0.37910499999999997 0.13399999999999998 0.12711100000000003
0 0.1706441875 0.3572160833333333 0.12933324999999998 0.12444433333333327
0 0.104380875 0.92978325 0.1816745 0.17962233333333344
0 0.03446225 0.823711 0.0996745 0.248
