0 0.55766575 0.5796716666666667 0.10566674999999992 0.19377766666666668
0 0.650999125 0.5878938333333333 0.11599999999999999 0.18533333333333335
0 0.7355824375 0.5914494166666666 0.12 0.17644433333333343
0 0.8062281875 0.5921161666666667 0.12208324999999998 0.1697780000000001
0 0.9164990625 0.5957828333333334 0.10966674999999992 0.14755566666666664
0 0.9552284375 0.5926161666666667 0.09458425000000004 0.136
0 0.46046775 0.570616 0.13024999999999992 0.196
0 0.36428025 0.559616 0.14675 0.1856666666666667
0 0.27896775 0.5471159999999999 0.15200000000000002 0.1766666666666667
0 0.14515524999999999 0.5238659999999999 0.14025 0.15033333333333332
0 0.0573768125 0.5069217500000001 0.1186135 0.1233333333333333
0 0.032335125 0.4905605 0.07878025 0.11400000000000005
0 0.205267625 0.5343534166666667 0.1493335 0.1617776666666666
