0 0.7331919375 0.5750586666666667 0.17866674999999999 0.1924446666666667
0 0.696441875 0.67416975 0.21333325000000003 0.24888899999999992
0 0.6433586250000001 0.8017253333333333 0.248 0.30355566666666667
0 0.046659375 0.8355186666666667 0.09721250000000001 0.2490000000000001
0 0.1137125 0.7551019999999999 0.1205 0.244
0 0.1873375 0.6697686666666667 0.13524999999999998 0.22066666666666668
0 0.263525 0.585852 0.15175 0.19533333333333336
0 0.33614999999999995 0.5086853333333333 0.15475 0.15699999999999997
0 0.40202499999999997 0.44251866666666667 0.15749999999999997 0.132
0 0.45733749999999995 0.3887686666666667 0.14350000000000007 0.09833333333333333
0 0.039989500000000004 0.49923166666666663 0.053250000000000006 0.11566666666666664
0 0.0877395 0.45139833333333335 0.066 0.10533333333333333
0 0.1373645 0.406315 0.07024999999999998 0.09066666666666667
0 0.32230200000000003 0.266815 0.08574999999999999 0.04833333333333334
0 0.28042700000000004 0.29473166666666667 0.08825000000000005 0.059
0 0.234802 0.3276483333333333 0.08275000000000005 0.0673333333333333
0 0.186802 0.365065 0.07999999999999999 0.08066666666666661
