0 0.6941933125 0.4944054166666666 0.13733325000000007 0.18355566666666662
0 0.73575575 0.3866 0.09324999999999994 0.11133333333333334
0 0.80069325 0.4219333333333333 0.07974999999999999 0.1273333333333333
0 0.86488075 0.46001666666666663 0.07050000000000001 0.139
0 0.85738075 0.5954333333333334 0.09349999999999992 0.22200000000000003
0 0.7765682500000001 0.5440166666666667 0.11399999999999999 0.20533333333333337
0 0.61419325 0.4496 0.14850000000000008 0.15999999999999998
0 0.6711307500000001 0.3556833333333333 0.10399999999999998 0.09933333333333333
0 0.6118183125000001 0.32973874999999997 0.10733349999999986 0.08577800000000002
0 0.5435266875 0.41140541666666663 0.14766650000000003 0.13422199999999995
0 0.5563391875 0.30829425 0.11308325000000002 0.07611099999999998
0 0.5061100000000001 0.2909886666666667 0.10999999999999999 0.0656666666666667
0 0.42781831249999996 0.26496108333333335 0.09983324999999993 0.05355566666666664
0 0.464026625 0.2770721666666667 0.10333325000000004 0.05866666666666667
0 0.481235 0.3801276666666667 0.14849999999999997 0.11533333333333334
0 0.4279225 0.354961 0.13674999999999998 0.09866666666666668
0 0.3857766875 0.33501641666666665 0.12733324999999995 0.08822233333333329
0 0.350568375 0.31801650000000004 0.12083325000000006 0.07933333333333337
0 0.31986000000000003 0.30390541666666665 0.11416649999999995 0.07066699999999998
0 0.3950683125 0.2546276666666667 0.09533324999999992 0.048444666666666664
0 0.36636 0.24687766666666666 0.08866675000000007 0.044444333333333336
0 0.29376625 0.29279441666666667 0.10391649999999997 0.06388899999999997
0 0.272235 0.2836970833333333 0.09675 0.05905566666666667
0 0.253709 0.2760513333333333 0.08783325 0.05263899999999999
0 0.238589125 0.26943325 0.07733324999999996 0.04777766666666669
0 0.341433 0.2406833333333333 0.08387500000000003 0.04000000000000001
0 0.31912050000000003 0.23601666666666665 0.07974999999999999 0.03733333333333333
0 0.29899549999999997 0.23243333333333333 0.07374999999999998 0.03516666666666668
0 0.81745375 0.29154433333333335 0.045499999999999985 0.054333333333333345
0 0.77489125 0.27171100000000004 0.05249999999999999 0.05016666666666664
0 0.73245375 0.25354433333333337 0.05862499999999993 0.04433333333333336
0 0.69139125 0.23816933333333334 0.0625 0.03849999999999998
0 0.6518391875 0.22507208333333334 0.06587500000000002 0.03555566666666668
0 0.71089125 0.21701658333333335 0.051000000000000045 0.028499999999999998
0 0.746985 0.230211 0.04875000000000007 0.033833333333333354
0 0.7838183125 0.24507216666666667 0.04408325000000002 0.03777766666666668
0 0.8203391250000001 0.2610720833333333 0.03875000000000006 0.04333333333333331
0 0.6755266875 0.2059055 0.05466650000000006 0.02711099999999997
0 0.6144225000000001 0.2140165 0.06833349999999994 0.031166666666666676
0 0.642380875 0.1959055 0.05316674999999993 0.02311100000000002
0 0.5796725 0.2047665 0.07166649999999997 0.030444333333333323
0 0.54761 0.19668324999999998 0.07075025000000001 0.027111333333333293
0 0.5171516875000001 0.19023875 0.07375000000000004 0.02544433333333332
0 0.4880683125 0.18504433333333334 0.07166675000000006 0.024777999999999994
0 0.90236 0.33698866666666666 0.04975000000000007 0.0663333333333333
0 0.857938125 0.27959283333333335 0.040874999999999995 0.05016666666666669
0 0.8941725 0.2984886666666667 0.04125000000000001 0.051666666666666694
0 0.860235 0.31365533333333334 0.045875 0.06166666666666659
0 0.942485 0.35986366666666664 0.05525000000000002 0.0728333333333333
0 0.92857875 0.31678033333333333 0.04612499999999997 0.05466666666666664
0 0.1945000625 0.6786663333333334 0.19266675 0.25155566666666673
0 0.24512499999999998 0.7702220000000001 0.22649999999999998 0.30533333333333335
0 0.334375 0.8629998333333334 0.267 0.293778
0 0.1603334375 0.6068885 0.1616665 0.2008886666666666
0 0.1365000625 0.5525551666666667 0.14133349999999997 0.16977799999999993
0 0.11860425000000001 0.5088053333333333 0.12375000000000003 0.14066666666666666
0 0.10550006249999999 0.47419425000000004 0.1105 0.12244433333333332
0 0.0952500625 0.44599958333333334 0.10020825 0.10666666666666663
0 0.0873855 0.42327733333333334 0.091375 0.09299999999999997
0 0.0810521875 0.40445808333333333 0.08499999999999999 0.08444433333333334
0 0.07560425 0.3884303333333333 0.079 0.07666666666666666
0 0.960672625 0.33422050000000003 0.04433324999999999 0.05511100000000002
0 0.97714 0.377665 0.04720225 0.05866699999999997
0 0.8243810625 0.21427608333333334 0.029666749999999964 0.031333333333333324
0 0.8526310625 0.22724824999999998 0.03016675000000013 0.034
0 0.88047475 0.2407206666666667 0.03256249999999994 0.03624999999999998
0 0.907865375 0.25451233333333334 0.036375000000000046 0.03933333333333333
0 0.93516225 0.26969983333333336 0.03843750000000001 0.04341666666666663
0 0.96103725 0.28501233333333337 0.03837499999999994 0.04316666666666663
0 0.9844576249999999 0.29736650000000003 0.03380650000000007 0.03308333333333335
0 0.7961309999999999 0.2024218333333333 0.03300000000000003 0.027249999999999996
0 0.7681309999999999 0.19150516666666667 0.03600000000000003 0.024249999999999994
0 0.740677875 0.18185933333333332 0.03837499999999994 0.022499999999999992
0 0.71322475 0.173151 0.04268749999999999 0.021833333333333343
0 0.686552875 0.16544266666666665 0.043187499999999934 0.020166666666666666
0 0.66128725 0.15850516666666664 0.044875 0.01908333333333334
0 0.636615375 0.15250516666666666 0.046624999999999917 0.017250000000000015
0 0.612459125 0.14725516666666666 0.04831249999999998 0.016166666666666663
0 0.589271625 0.14265816666666667 0.048687500000000106 0.015333333333333338
0 0.5665685 0.13894983333333333 0.04918750000000005 0.013083333333333308
0 0.5448185 0.13640816666666666 0.047687499999999994 0.011916666666666687
0 0.5258185 0.13394983333333332 0.04381250000000003 0.011833333333333335
0 0.5808810624999999 0.180276 0.053083250000000026 0.018666666666666665
0 0.610756125 0.18727608333333334 0.054750000000000076 0.021444333333333315
0 0.5530060625 0.17413725000000002 0.05575000000000008 0.017555666666666664
0 0.5264644374999999 0.16891499999999998 0.054249999999999965 0.016666666666666663
0 0.4618185625 0.18094266666666664 0.07016675 0.021999999999999992
0 0.4374019375 0.17799833333333334 0.066 0.02077800000000002
0 0.416193625 0.17530400000000002 0.06174999999999997 0.019666666666666693
0 0.500563375 0.16514416666666665 0.05818749999999995 0.015750000000000014
0 0.4765165 0.16220666666666667 0.055062500000000014 0.015999999999999986
0 0.4555269375 0.15988725 0.054812499999999986 0.015055666666666662
0 0.610063375 0.1344775 0.03643750000000001 0.009416666666666657
0 0.631782125 0.13889416666666665 0.03531250000000008 0.010166666666666685
0 0.653875875 0.1438525 0.033937499999999954 0.010583333333333333
0 0.67661025 0.14958166666666667 0.03331249999999997 0.011166666666666658
0 0.69998525 0.15614416666666667 0.03312499999999996 0.012166666666666687
0 0.724625875 0.16337333333333334 0.03275000000000006 0.014000000000000012
0 0.749579 0.1715816666666667 0.031000000000000028 0.015166666666666662
0 0.77498525 0.18024833333333334 0.030749999999999944 0.01758333333333334
0 0.800454 0.18958166666666668 0.02806249999999999 0.01858333333333334
0 0.82542275 0.19979 0.025937499999999947 0.02099999999999999
0 0.85086025 0.21162333333333333 0.027374999999999927 0.02291666666666667
0 0.8762821249999999 0.22381083333333335 0.02749999999999997 0.022833333333333344
0 0.9011414999999999 0.23618583333333332 0.02968750000000009 0.02441666666666667
0 0.926079 0.24953999999999998 0.03143750000000001 0.026916666666666672
0 0.9501415 0.2634566666666667 0.031000000000000028 0.0276666666666667
0 0.9335577500000001 0.6424183333333333 0.08099999999999996 0.22333333333333327
0 0.9286827500000001 0.4992516666666667 0.07199999999999995 0.14600000000000002
