0 0.3917136875 0.5103578333333333 0.16666675000000003 0.259887
0 0.505178875 0.54143125 0.15630875000000005 0.2736973333333333
0 0.6212335 0.5709353333333334 0.13088525000000006 0.27746400000000004
0 0.7309321875 0.594162 0.11016949999999992 0.2598869999999999
0 0.8232109375 0.6151915 0.09698675000000012 0.24482133333333328
0 0.9004236875 0.6308850833333334 0.08757075000000003 0.22598866666666662
0 0.9618644375 0.64532325 0.07721275000000005 0.20966733333333332
0 0.296124 0.48511974999999996 0.15240975 0.240161
0 0.22022049999999999 0.46182650000000003 0.14216849999999998 0.21606399999999998
0 0.1551601875 0.44455749999999994 0.13012050000000003 0.1935743333333333
0 0.10440725000000001 0.42889483333333334 0.12409624999999999 0.17429733333333336
0 0.9530532500000001 0.262212 0.05399999999999994 0.06799999999999998
0 0.90686575 0.23312866666666665 0.0695 0.064
0 0.8530532500000001 0.20304533333333333 0.09175 0.06033333333333332
0 0.79086575 0.172212 0.11199999999999999 0.05666666666666667
0 0.72274075 0.14487866666666666 0.136 0.051333333333333314
0 0.6491157500000001 0.12137866666666668 0.15200000000000002 0.04833333333333334
0 0.57436575 0.10279533333333334 0.16525000000000006 0.04433333333333335
0 0.49755325 0.09187866666666666 0.17075000000000012 0.04100000000000001
0 0.42936575 0.08754533333333334 0.15599999999999997 0.04200000000000001
0 0.37586575 0.08512866666666667 0.15525 0.04766666666666668
