0 0.7102865625 0.8161226666666667 0.29393925 0.36363633333333334
0 0.3734754375 0.4506871666666667 0.17300000000000004 0.16755533333333344
0 0.29949950000000003 0.5210165 0.17066675 0.1986666666666666
0 0.2181661875 0.5991276666666666 0.15966674999999997 0.23777766666666666
0 0.15204125 0.45476666666666665 0.09699999999999999 0.1373333333333333
0 0.21541624999999998 0.40259999999999996 0.11000000000000001 0.1166666666666667
0 0.27566625 0.35485 0.11225000000000002 0.10000000000000003
0 0.1901975 0.2713776666666667 0.06575 0.05416666666666667
0 0.1475725 0.30029433333333333 0.060874999999999985 0.05933333333333335
0 0.1045725 0.33104433333333333 0.05399999999999999 0.06683333333333336
0 0.09272875 0.29454433333333335 0.04362500000000001 0.04983333333333334
0 0.12891625 0.269211 0.04749999999999999 0.04349999999999998
0 0.16535375 0.2453776666666667 0.049750000000000016 0.03983333333333333
0 0.80939525 0.40459999999999996 0.08625000000000005 0.126
0 0.74170775 0.3584333333333333 0.09875 0.10666666666666663
0 0.67633275 0.31835 0.10975000000000001 0.09066666666666667
0 0.61502025 0.28401666666666664 0.11649999999999994 0.07666666666666666
0 0.55964525 0.2554333333333333 0.11725000000000013 0.06666666666666665
0 0.51052025 0.23284999999999997 0.11475000000000007 0.05733333333333335
0 0.46695775 0.21509999999999999 0.11025000000000013 0.049666666666666665
0 0.42899950000000003 0.20112766666666668 0.10149999999999998 0.04466666666666666
0 0.3966873125 0.19039333333333333 0.09283350000000007 0.040666666666666657
0 0.368312375 0.18144891666666665 0.08783324999999997 0.03711099999999998
0 0.3435206875 0.17422666666666667 0.08033324999999997 0.033555333333333326
0 0.32262475 0.16847666666666666 0.077125 0.030833333333333324
0 0.0583635625 0.7688533333333334 0.12098475 0.28800000000000003
0 0.028613562500000002 0.5698533333333333 0.06448475000000001 0.16599999999999998
0 0.30373475 0.16364499999999998 0.07125000000000004 0.029333333333333322
0 0.287266 0.15935333333333332 0.06725000000000003 0.02783333333333332
0 0.27260975 0.155395 0.06225000000000003 0.026499999999999996
0 0.0277971875 0.24763116666666665 0.020249999999999997 0.02466666666666667
0 0.0310055 0.22063116666666666 0.01633325 0.017666666666666664
0 0.014776375 0.23257566666666665 0.016916749999999998 0.018000000000000016
