0 0.7184551875 0.8242924166666666 0.18661550000000005 0.35495299999999996
0 0.6019310625 0.7644459166666667 0.21845525000000005 0.37146233333333323
0 0.4823113125 0.68632075 0.23525924999999998 0.3490563333333334
0 0.3775059375 0.60583725 0.22464625 0.31485833333333335
0 0.29045525 0.5311718333333333 0.21084325 0.27389566666666665
0 0.22298537499999999 0.4711316666666666 0.18192775 0.22650599999999993
0 0.173550875 0.42512875 0.16084325 0.19124066666666673
0 0.13615025 0.387177 0.1406115 0.16465866666666662
0 0.1071255 0.357696 0.1265 0.14266666666666666
0 0.0838755 0.3332793333333333 0.112 0.126
0 0.7690115 0.5296649999999999 0.09750000000000003 0.2306666666666667
0 0.6841364999999999 0.4739983333333333 0.126 0.21599999999999997
0 0.5952614999999999 0.42083166666666666 0.14900000000000002 0.19799999999999995
0 0.5088865 0.3728316666666667 0.15999999999999998 0.17199999999999993
0 0.4328865 0.33149833333333334 0.16100000000000003 0.1486666666666666
0 0.3661365 0.297665 0.15749999999999997 0.12799999999999995
0 0.3101365 0.2718316666666667 0.1435 0.11066666666666666
0 0.2658865 0.25166499999999997 0.13199999999999998 0.09999999999999998
0 0.9356925 0.653119 0.09099999999999997 0.2533333333333333
0 0.8964425625 0.3643969166666666 0.0744999999999999 0.12555566666666668
0 0.9515675625 0.40734125 0.06700000000000006 0.11311133333333334
0 0.78159875 0.28007733333333334 0.05625000000000002 0.0995
0 0.728505 0.24957733333333332 0.06425000000000003 0.08766666666666664
0 0.6749425 0.22032733333333332 0.07399999999999995 0.08016666666666666
0 0.62138 0.19378566666666666 0.08062499999999995 0.07099999999999998
0 0.5694425 0.17128566666666667 0.08775 0.06166666666666665
0 0.52053625 0.15357733333333334 0.09087500000000004 0.05466666666666664
0 0.47528625 0.13932733333333333 0.09437500000000004 0.04749999999999999
0 0.4324425 0.12745233333333333 0.09525 0.045
0 0.394005 0.11795233333333334 0.08900000000000002 0.04316666666666666
0 0.36066125 0.11049400000000001 0.08949999999999997 0.040666666666666684
0 0.3298175 0.10511900000000002 0.08750000000000002 0.03849999999999999
0 0.9269046249999999 0.32357366666666665 0.06283324999999995 0.08799999999999997
0 0.8777796250000001 0.28462925 0.06516675000000005 0.08644433333333332
0 0.7802795625000001 0.21624041666666668 0.04533324999999999 0.057999999999999996
0 0.737029625 0.19285141666666666 0.04933350000000003 0.05777766666666667
0 0.69319625 0.17029591666666669 0.05633324999999989 0.054222333333333345
0 0.650154625 0.14924033333333334 0.060666499999999846 0.04755566666666669
0 0.6071546250000001 0.13079583333333333 0.06716650000000002 0.040222333333333346
0 0.565612875 0.11635141666666667 0.07033325000000001 0.03577766666666665
0 0.5269461875 0.10429591666666667 0.06866674999999994 0.03488899999999999
0 0.77861575 0.14778966666666668 0.03425 0.04083333333333333
0 0.74686575 0.130748 0.03487499999999999 0.03633333333333333
0 0.7142095 0.11449800000000002 0.03962500000000002 0.034166666666666665
0 0.6819907500000001 0.09920633333333334 0.04249999999999998 0.031666666666666676
0 0.6499595 0.08545633333333334 0.046499999999999986 0.028333333333333335
0 0.6177720000000001 0.07403966666666667 0.048250000000000015 0.024833333333333346
0 0.5875845000000001 0.06353966666666666 0.05049999999999999 0.0225
0 0.5578345 0.054123 0.05325000000000002 0.020666666666666673
0 0.52824075 0.04666466666666667 0.055875000000000064 0.019666666666666666
0 0.500022 0.040498 0.055875000000000064 0.018499999999999996
0 0.47380325 0.035539666666666664 0.05499999999999994 0.015999999999999997
0 0.8440126875 0.16667375 0.039499750000000056 0.04000000000000001
0 0.874741875 0.186896 0.037916749999999944 0.04377766666666666
0 0.776741875 0.123646 0.028166500000000094 0.028999999999999998
0 0.748971125 0.10911833333333333 0.030083250000000006 0.028111333333333335
0 0.720846125 0.09539591666666666 0.032833249999999925 0.02611100000000001
0 0.69257525 0.08253491666666667 0.036083499999999935 0.024333333333333346
0 0.6638252499999999 0.07031258333333333 0.038500250000000014 0.02288866666666667
0 0.63532525 0.05911825 0.03933349999999991 0.017777666666666664
0 0.6091065 0.050118333333333334 0.038124999999999964 0.016333333333333325
