0 0.34187 0.8947219166666667 0.30732125 0.24744600000000005
0 0.247375125 0.7749715833333333 0.25454025 0.292849
0 0.20617475 0.6595274166666667 0.21282625 0.2370323333333333
0 0.181107 0.568721 0.18300000000000002 0.19399999999999995
0 0.165732 0.4980543333333333 0.153 0.15866666666666662
0 0.155982 0.4433876666666667 0.1365 0.1273333333333333
0 0.148107 0.402221 0.12299999999999998 0.10866666666666663
0 0.916952125 0.7642966666666666 0.10713874999999995 0.2661206666666668
0 0.84362825 0.68544525 0.13293975000000002 0.25220866666666664
0 0.76400775 0.6049531666666667 0.15060249999999997 0.2208836666666668
0 0.6879535625000001 0.5312585000000001 0.15602400000000005 0.188755
0 0.6160408749999999 0.4646923333333334 0.16927724999999993 0.16024099999999997
0 0.551806 0.4064271666666667 0.15963874999999994 0.12342200000000003
0 0.498476625 0.36108850000000003 0.15173099999999995 0.10120499999999993
0 0.45350925 0.32637375 0.14150000000000001 0.08433333333333332
0 0.41675925 0.297346 0.13 0.07400000000000001
0 0.38288425000000004 0.27026266666666665 0.123 0.06666666666666668
0 0.9749418750000001 0.8247833333333333 0.06457749999999995 0.2746666666666667
0 0.98633625 0.65045 0.03307749999999998 0.15266666666666662
0 0.9441725 0.6071166666666666 0.07250000000000001 0.17066666666666663
0 0.8826725 0.54845 0.08999999999999997 0.16600000000000004
0 0.8179225 0.4897833333333333 0.10249999999999992 0.1446666666666666
0 0.7545475 0.4347833333333333 0.11299999999999999 0.1233333333333333
0 0.6940475 0.3857833333333333 0.12050000000000005 0.10733333333333328
0 0.6376725000000001 0.34367225 0.12449999999999994 0.08977766666666664
0 0.5864224375 0.30874841666666664 0.119 0.07244433333333328
0 0.5426725 0.28097075 0.11399999999999993 0.06177766666666662
0 0.503422375 0.2579706666666667 0.11200000000000004 0.05511100000000002
0 0.465672375 0.23541516666666668 0.11200000000000004 0.0524443333333334
0 0.8272100625000001 0.3191583333333333 0.06433325000000001 0.0633333333333333
0 0.7853766875 0.2902695 0.06700000000000006 0.05466666666666664
0 0.745460125 0.26432500000000003 0.06683324999999996 0.048666666666666664
0 0.7069601249999999 0.24132491666666667 0.06766650000000007 0.040444333333333304
0 0.6697100625000001 0.22238066666666667 0.07183324999999996 0.034888999999999976
0 0.635793375 0.20554716666666667 0.07499974999999992 0.033111333333333354
0 0.600085 0.18838058333333332 0.08300000000000007 0.033777333333333326
0 0.1347349375 0.3034678333333333 0.0846665 0.06355566666666662
0 0.13285987500000002 0.287579 0.07833325 0.0566666666666667
0 0.13131825 0.2744121666666667 0.07316675 0.052444333333333315
0 0.1305265 0.2621345 0.06816674999999998 0.04911099999999999
0 0.129734875 0.2518566666666667 0.06366674999999998 0.043333333333333335
0 0.12877656250000002 0.24241216666666668 0.060166750000000005 0.04200000000000001
0 0.12815162500000002 0.23363450000000002 0.05633325 0.0380003333333333
0 0.1277349375 0.22602333333333333 0.053666500000000006 0.0351113333333333
0 0.126984875 0.2197455 0.05150000000000002 0.033333333333333326
0 0.1264849375 0.2136344166666667 0.049499749999999995 0.031555666666666676
0 0.311651625 0.21824558333333333 0.09166674999999996 0.04288899999999998
0 0.29515162500000003 0.20691216666666667 0.07766649999999997 0.036000333333333356
0 0.2839015625 0.198301 0.07083350000000002 0.03355566666666668
0 0.27435987500000003 0.19141225 0.06833325000000004 0.030888999999999972
0 0.2654849375 0.18530108333333334 0.06516649999999996 0.029555666666666675
0 0.25727656250000003 0.17980108333333336 0.061833250000000006 0.026889000000000024
0 0.2498286875 0.1751761666666667 0.05729175000000003 0.02411100000000002
0 0.24269325 0.1712595 0.05383349999999998 0.023333333333333345
0 0.23644325 0.16748166666666667 0.050166499999999975 0.021055666666666695
0 0.23100581250000002 0.16417616666666665 0.04762499999999997 0.020222333333333314
0 0.2257869375 0.16127333333333332 0.045208250000000005 0.01838899999999999
0 0.31837125 0.165633 0.05937500000000001 0.02099999999999999
0 0.30737125 0.16121633333333335 0.05612499999999998 0.019333333333333313
0 0.29626187499999995 0.15767466666666666 0.05299999999999999 0.01766666666666669
0 0.28646499999999997 0.15434133333333333 0.049124999999999974 0.017499999999999988
0 0.27793375 0.15146633333333334 0.046499999999999986 0.01633333333333331
0 0.27137125 0.148883 0.044249999999999984 0.016500000000000015
0 0.2644025 0.14654966666666666 0.042624999999999996 0.015499999999999986
0 0.2875608125 0.1172435 0.028833249999999977 0.00866666666666667
0 0.30443575 0.11185458333333334 0.030500000000000027 0.00866666666666667
0 0.2708524375 0.12277125 0.02733325000000003 0.009888999999999981
0 0.5021874375 0.15193516666666668 0.06683325000000001 0.020666666666666667
0 0.4791875 0.1452685 0.061333499999999985 0.01877799999999999
0 0.45902081250000004 0.13965741666666667 0.056999999999999995 0.016777999999999987
0 0.441208375 0.13501849999999999 0.04958325000000002 0.015666666666666662
0 0.425958375 0.13060191666666665 0.04749999999999999 0.015111333333333338
0 0.4116458125 0.12693516666666665 0.046583499999999944 0.013999999999999999
0 0.3981041875 0.12401841666666667 0.04483325000000005 0.012888999999999998
0 0.3851874375 0.121713 0.04125000000000001 0.011444333333333334
0 0.3731875 0.11943524999999999 0.03783325000000004 0.010777666666666672
