0 0.085452 0.6845574999999999 0.1525425 0.20464533333333323
0 0.1598399375 0.6544255833333333 0.16666675 0.2184556666666666
0 0.24929374999999998 0.61550525 0.16854999999999998 0.2222223333333332
0 0.3476930625 0.56999375 0.16760825000000001 0.22598866666666662
0 0.4482109375 0.5244820833333333 0.14030150000000002 0.2046453333333333
0 0.5388418125 0.48587566666666665 0.10452000000000006 0.18455766666666668
0 0.6193503124999999 0.45103575 0.08380425000000002 0.158192
0 0.684029125 0.42184241666666666 0.08433350000000006 0.13466666666666666
0 0.737279125 0.3968425 0.08099999999999996 0.11422233333333337
0 0.7795291875 0.37784249999999997 0.07666675000000012 0.099111
0 0.8124459374999999 0.3629534166666667 0.07266649999999997 0.08622233333333335
0 0.8407791874999999 0.35073125 0.06900000000000006 0.07555566666666663
0 0.86444575 0.340287 0.0655 0.06916666666666671
0 0.8847895 0.331037 0.05812500000000009 0.06333333333333341
