0 0.3903815 0.5479149999999999 0.124 0.17533333333333334
0 0.3031315 0.5475816666666666 0.13333325000000001 0.172
0 0.22563149999999998 0.5459150833333333 0.13666675 0.16533333333333333
0 0.15871487499999998 0.5428039166666667 0.12699999999999997 0.15555533333333332
0 0.1070481875 0.54013725 0.11833325000000001 0.14488866666666667
0 0.0671315 0.5380261666666667 0.11233325 0.1346666666666666
0 0.48629825 0.5486928333333333 0.1123332500000001 0.17600000000000005
0 0.5812981875000001 0.5474705 0.11433325000000005 0.17288866666666663
0 0.6689648125 0.5445816666666666 0.1273335000000001 0.16755533333333333
0 0.744548125 0.5410260833333334 0.1253335 0.1595556666666666
0 0.8078815625 0.5373595 0.125 0.14666666666666667
0 0.9052034999999999 0.5308543333333333 0.10975000000000001 0.12833333333333335
