0 0.8044089375 0.6320503333333334 0.1439760000000001 0.2345379999999999
0 0.8545595625 0.5129739999999999 0.09216875000000002 0.1453813333333333
0 0.795523375 0.4535363333333333 0.10120475000000007 0.1293169999999999
0 0.7310655625 0.5527330833333334 0.15722899999999995 0.20481933333333335
0 0.660131875 0.48104625 0.16686749999999995 0.16706833333333332
0 0.7369895 0.40168 0.11399999999999999 0.10366666666666668
0 0.6801145 0.3570966666666666 0.11950000000000005 0.08766666666666667
0 0.595302 0.42042999999999997 0.16700000000000004 0.1373333333333333
0 0.538927 0.37059666666666663 0.15899999999999997 0.10866666666666669
0 0.626677 0.31926333333333334 0.12 0.06933333333333336
0 0.49267700000000003 0.33059666666666665 0.14650000000000002 0.09266666666666667
0 0.5780936875 0.28759666666666667 0.11099999999999999 0.06044433333333332
0 0.453177 0.29970783333333334 0.13533325000000002 0.07466633333333333
0 0.4205104375 0.27426325 0.122 0.06533333333333335
0 0.394593625 0.2535966666666667 0.11066675000000004 0.05688866666666667
0 0.5051769375 0.24126333333333333 0.10900000000000004 0.04488899999999996
0 0.4775103125 0.22359666666666667 0.10233325000000004 0.0382223333333333
0 0.373260375 0.23704108333333335 0.1036665 0.05022233333333331
0 0.452260375 0.2093745 0.09799999999999998 0.03377766666666665
0 0.35465625 0.22304100000000002 0.09799999999999998 0.04533333333333334
0 0.42859375 0.1974576666666667 0.09050000000000002 0.028666666666666674
0 0.33796875000000004 0.211541 0.08900000000000002 0.040666666666666657
0 0.40728125000000004 0.1877076666666667 0.08250000000000002 0.02833333333333335
0 0.32334375 0.20187433333333335 0.08174999999999999 0.03733333333333333
0 0.388625 0.17899933333333334 0.07824999999999999 0.025500000000000023
0 0.31109375 0.1929576666666667 0.07524999999999998 0.03533333333333333
0 0.37140625 0.17087433333333335 0.07449999999999996 0.024666666666666698
0 0.290517375 0.8172524166666667 0.27951824999999997 0.32449799999999995
0 0.24307756249999998 0.68652975 0.23554199999999997 0.2626506666666666
0 0.21355949999999999 0.58552575 0.19638574999999997 0.20642566666666667
0 0.19518606249999998 0.50942125 0.16686749999999997 0.17590366666666668
0 0.18362124999999999 0.44886100000000007 0.14424999999999993 0.139
0 0.17537125 0.4037776666666667 0.1285 0.1156666666666667
0 0.16937125 0.3670276666666667 0.11375 0.09900000000000003
0 0.16480875 0.337861 0.10425 0.08233333333333337
0 0.16212125 0.31469433333333335 0.09649999999999999 0.07433333333333342
0 0.16037125 0.29427766666666666 0.08849999999999998 0.06433333333333335
0 0.15849625 0.27736099999999997 0.08150000000000002 0.055999999999999994
0 0.15724625 0.26294433333333334 0.07500000000000001 0.04933333333333331
0 0.06662725 0.9505183333333334 0.1492545 0.14229666666666663
0 0.05312725 0.83237 0.1162545 0.21666666666666667
0 0.046627249999999995 0.7115366666666667 0.0972545 0.17866666666666664
0 0.04375224999999999 0.54737 0.08875449999999999 0.13266666666666665
0 0.04450224999999999 0.48986999999999997 0.09075449999999999 0.10800000000000004
0 0.0455855 0.44578666666666666 0.092421 0.10033333333333333
0 0.049440750000000006 0.40911999999999993 0.094921 0.08566666666666667
0 0.055358500000000005 0.37987 0.08800000000000001 0.07699999999999996
0 0.0606085 0.35703666666666667 0.08250000000000002 0.0696666666666666
0 0.0659835 0.3382866666666666 0.07725000000000001 0.06399999999999995
0 0.8984857500000001 0.3762373333333333 0.05125000000000002 0.07333333333333336
0 0.90798575 0.34323733333333334 0.041749999999999954 0.05199999999999999
0 0.85898575 0.344654 0.058499999999999996 0.065
0 0.87354825 0.3163623333333333 0.04599999999999993 0.04883333333333334
0 0.83829825 0.29023733333333335 0.051999999999999935 0.041666666666666685
0 0.81848575 0.31307066666666666 0.06599999999999995 0.056333333333333346
0 0.77779825 0.28523733333333334 0.06925000000000003 0.04866666666666669
0 0.8031107500000001 0.267154 0.05525000000000002 0.035999999999999976
0 0.7698607500000001 0.24623733333333334 0.05625000000000002 0.0323333333333333
0 0.7406107500000001 0.261154 0.06875000000000009 0.040666666666666684
0 0.7037357500000001 0.23932066666666668 0.07524999999999993 0.038000000000000034
0 0.7368607500000001 0.226154 0.0635 0.028999999999999998
0 0.66911075 0.21973733333333334 0.07450000000000001 0.031
0 0.6377982500000001 0.20298733333333333 0.07574999999999998 0.028666666666666674
0 0.6077982500000001 0.18907066666666666 0.07500000000000007 0.023999999999999994
0 0.58004825 0.17682066666666668 0.07225000000000004 0.02266666666666667
0 0.55542325 0.16657066666666664 0.07050000000000001 0.020000000000000018
0 0.5332982500000001 0.15762625 0.06675000000000009 0.019777666666666666
0 0.51279825 0.14982066666666666 0.06450000000000006 0.017666666666666664
0 0.4935274375 0.14309841666666667 0.06325000000000003 0.016888999999999987
0 0.7051732500000001 0.20832066666666665 0.06000000000000005 0.025000000000000022
0 0.67598575 0.19273733333333332 0.058499999999999996 0.022333333333333344
0 0.64817325 0.17932066666666666 0.06299999999999994 0.020000000000000018
0 0.6226732500000001 0.16823733333333335 0.06174999999999997 0.01633333333333334
0 0.59954825 0.15882066666666667 0.06399999999999995 0.014000000000000012
0 0.5763607500000001 0.15007066666666666 0.06174999999999997 0.01366666666666666
0 0.5533191875000001 0.14207075 0.056499999999999995 0.01177800000000001
0 0.532319125 0.135293 0.05083325000000016 0.010444666666666685
0 0.94583525 0.31850708333333333 0.028333250000000088 0.03666666666666668
0 0.919356125 0.2977571666666667 0.030416749999999992 0.036221999999999976
0 0.8930020000000001 0.27772925 0.03283350000000007 0.031333333333333324
0 0.8658353750000001 0.2589515 0.03650000000000009 0.02911099999999997
0 0.8381270000000001 0.2413405 0.03966649999999983 0.02555533333333332
0 0.8112936875 0.22461825 0.03833350000000013 0.023333333333333317
0 0.7858769999999999 0.20900708333333334 0.039000000000000035 0.019333666666666666
0 0.7613353125 0.19500716666666668 0.04216674999999992 0.017999999999999988
0 0.737627 0.18184050000000002 0.0451665 0.01644433333333331
0 0.713877 0.17045158333333332 0.04483350000000008 0.01355566666666666
0 0.691210375 0.1603405 0.04466675000000009 0.011999666666666686
0 0.6698353125 0.15117383333333334 0.04516674999999992 0.011555666666666686
0 0.649752 0.14300708333333334 0.04466675000000009 0.010222333333333333
0 0.630293625 0.13578491666666667 0.043500000000000094 0.009555666666666657
0 0.6121686875 0.12956266666666666 0.04400000000000004 0.008000000000000007
0 0.5947936875 0.12378491666666668 0.042666749999999976 0.007333333333333331
0 0.5788353749999999 0.11839608333333333 0.044499999999999984 0.007555333333333331
0 0.5632519375 0.11372933333333334 0.04233324999999999 0.007110999999999992
0 0.5450853124999999 0.10928491666666666 0.044499999999999984 0.007777666666666683
