0 0.1603424375 0.5257985000000001 0.15666675 0.18177800000000005
0 0.3007590625 0.3995761666666667 0.13499999999999995 0.09377799999999997
0 0.34992568749999997 0.3604650833333333 0.13 0.07644466666666666
0 0.39317575 0.328354 0.12833325 0.06355566666666662
0 0.43159237500000003 0.30157625 0.11699999999999999 0.05244466666666664
0 0.4640090625 0.28024283333333333 0.10966674999999998 0.045777999999999985
0 0.49134243749999995 0.2623540833333333 0.10000000000000003 0.03866666666666668
0 0.587464875 0.57933525 0.21385525 0.1943773333333333
0 0.6228565 0.50282925 0.18313250000000003 0.15261033333333335
0 0.6478565000000001 0.4451986666666667 0.15602399999999994 0.11807233333333333
0 0.708977 0.29895866666666665 0.08650000000000002 0.05133333333333334
0 0.7150394999999999 0.284042 0.07750000000000001 0.04133333333333333
0 0.719602 0.27362533333333333 0.07024999999999992 0.035666666666666624
0 0.7230395 0.26370866666666665 0.06674999999999998 0.035333333333333355
0 0.1368410625 0.30105091666666667 0.053000000000000005 0.03288866666666662
0 0.1690494375 0.2815508333333333 0.05433325 0.027111333333333376
0 0.2008410625 0.2630509166666667 0.05683325 0.024666333333333346
0 0.23225775 0.24649533333333334 0.05716675000000007 0.020666666666666667
0 0.409091 0.222662 0.07637499999999997 0.021833333333333316
0 0.4326535 0.21207866666666667 0.07324999999999998 0.01849999999999999
0 0.45312225 0.20332866666666666 0.07024999999999998 0.01633333333333334
0 0.472216 0.19557866666666668 0.06737500000000002 0.015499999999999986
0 0.382591 0.23566199999999998 0.07950000000000002 0.023999999999999994
