0 0.9599811874999999 0.81763975 0.09039549999999996 0.2787193333333333
0 0.887711875 0.7366604166666667 0.12523550000000006 0.29001866666666654
0 0.8024953125000001 0.6657250833333334 0.13841825000000008 0.27746399999999993
0 0.7139830625 0.5907093333333333 0.1619585 0.25235399999999997
0 0.6266478125 0.5188324166666667 0.176083 0.21720033333333333
0 0.5466101875 0.4538606666666667 0.17514125000000003 0.18455766666666668
0 0.47951975 0.4005021666666667 0.17137500000000006 0.15442533333333336
0 0.4244350625 0.35624608333333335 0.153484 0.13057133333333332
0 0.33427493750000004 0.7234778333333334 0.20244825 0.29378533333333334
0 0.22645949999999998 0.5317011666666667 0.13841824999999996 0.18957933333333327
0 0.1697269375 0.41682358333333336 0.09510350000000001 0.12680466666666668
0 0.139359625 0.3490269166666667 0.06591325 0.08160699999999999
0 0.38266174999999997 0.32161866666666666 0.14750000000000002 0.11533333333333334
0 0.34666175 0.2946186666666667 0.13949999999999996 0.10066666666666668
0 0.31828675 0.272952 0.12599999999999995 0.08999999999999997
0 0.29503675 0.25711866666666666 0.11999999999999994 0.08133333333333334
0 0.27566175 0.242952 0.10899999999999999 0.07800000000000001
0 0.12003675000000001 0.30361866666666665 0.05250000000000002 0.06133333333333335
0 0.10653675 0.27045199999999997 0.03900000000000001 0.043999999999999984
0 0.27291175 0.188452 0.05699999999999994 0.01999999999999999
0 0.33953674999999994 0.179452 0.08150000000000002 0.021333333333333343
0 0.42928675 0.17211866666666667 0.10199999999999998 0.01999999999999999
0 0.5250367499999999 0.169952 0.09200000000000003 0.01733333333333334
0 0.6121617500000001 0.182452 0.08449999999999991 0.036000000000000004
0 0.70316175 0.21561866666666668 0.10300000000000009 0.06133333333333332
0 0.79828675 0.26811866666666667 0.09699999999999998 0.07266666666666666
0 0.89191175 0.3316186666666667 0.09850000000000003 0.08466666666666667
