0 0.70941575 0.6067929999999999 0.134 0.18733333333333335
0 0.7899365625 0.6684319166666666 0.11683325 0.20633333333333337
0 0.9026865000000001 0.9353408333333333 0.19099999999999995 0.18865166666666666
0 0.6327075 0.5489316666666667 0.14425 0.15966666666666662
0 0.564645 0.4971816666666667 0.14774999999999994 0.13333333333333336
0 0.50552 0.4530705833333334 0.14850000000000002 0.11011100000000007
0 0.45310324999999996 0.4164595 0.14216674999999995 0.09133333333333332
0 0.4094366875 0.38558458333333334 0.13187499999999996 0.07744433333333334
0 0.37390525 0.36059833333333335 0.12087500000000001 0.0641666666666667
0 0.34412400000000004 0.3407233333333333 0.11162500000000003 0.0566666666666667
0 0.31929075 0.32398733333333335 0.10183324999999999 0.04933366666666661
0 0.2974574375 0.3093761666666667 0.09725 0.044833333333333336
0 0.19210325 0.8882474166666667 0.213 0.252707
0 0.077019875 0.9253131666666666 0.138 0.18470700000000007
0 0.1503949375 0.6200706666666667 0.17433350000000003 0.17800000000000005
0 0.1309156875 0.5549318333333333 0.1525 0.14711100000000005
0 0.11802000000000001 0.5042373333333333 0.131 0.118
0 0.1093949375 0.4642928333333334 0.11666675 0.10133333333333339
0 0.10253025 0.43151500000000004 0.10474999999999998 0.08416666666666667
0 0.0976658125 0.40455675 0.09483324999999998 0.07452766666666666
0 0.9137335 0.75174 0.11049999999999993 0.15066666666666662
0 0.094942875 0.3832380833333333 0.086704 0.06004333333333328
0 0.093680375 0.36636858333333333 0.07964199999999999 0.053657666666666715
0 0.2780946875 0.29625075 0.08612499999999998 0.04155566666666666
