0 0.8102636875 0.8610326666666667 0.1120525 0.3229753333333333
0 0.8985404375 0.9096044166666667 0.10451975000000002 0.23226600000000008
0 0.69985875 0.7787978333333333 0.14218450000000005 0.46107966666666667
0 0.5675611875 0.6371625833333333 0.141243 0.5185186666666667
0 0.447033875 0.4940364166666667 0.11958550000000007 0.4431886666666667
0 0.35787306249999995 0.38175591666666664 0.1138555 0.3357429999999999
0 0.295071875 0.30183625000000003 0.10722874999999998 0.24899600000000005
0 0.25094525 0.24199708333333333 0.09638574999999999 0.18232933333333337
0 0.21841518750000002 0.19962758333333336 0.09277100000000002 0.13574300000000003
0 0.194469375 0.17111341666666668 0.08132524999999999 0.10602433333333336
0 0.835009 0.389794 0.15500000000000003 0.19533333333333336
0 0.952692 0.526294 0.09961600000000004 0.17666666666666664
