0 0.13003299999999998 0.5165613333333333 0.09399999999999999 0.21866666666666668
0 0.205783 0.45289466666666667 0.11950000000000002 0.20666666666666672
0 0.286783 0.39089466666666667 0.13650000000000004 0.18133333333333335
0 0.365408 0.33700583333333334 0.14816675 0.15444433333333335
0 0.43649125 0.29156150000000003 0.15100000000000008 0.13155566666666668
0 0.499866375 0.25500591666666667 0.14949999999999997 0.11333366666666664
0 0.554408 0.22645033333333334 0.1395 0.096889
0 0.59986625 0.20508933333333335 0.13124999999999998 0.08500000000000002
0 0.1724109375 0.3187836666666667 0.07866675000000001 0.12266666666666665
0 0.112765 0.3645893333333333 0.0625 0.1353333333333333
0 0.2348275 0.2758393333333333 0.09150000000000003 0.10799999999999998
0 0.2957025 0.238006 0.09975000000000003 0.0933333333333333
0 0.3549525 0.20558933333333335 0.10949999999999999 0.07933333333333337
0 0.409238 0.17836833333333335 0.10424999999999995 0.07
0 0.644697 0.754026 0.2855419999999999 0.3943776666666666
0 0.7347732499999999 0.6254056666666667 0.236 0.324
0 0.7952732499999999 0.5246279166666666 0.19200000000000006 0.2577776666666666
0 0.83394 0.45112783333333334 0.15666649999999993 0.20311099999999999
0 0.8600442500000001 0.39835 0.13450000000000006 0.16833333333333333
0 0.63824925 0.187547 0.11550000000000005 0.07933333333333334
0 0.6689992499999999 0.17271366666666665 0.10899999999999999 0.0733333333333333
0 0.7531659375 0.14357491666666666 0.08966649999999987 0.053111333333333316
0 0.72774925 0.15251933333333334 0.10099999999999998 0.05866666666666666
0 0.055592749999999996 0.4144653333333333 0.058499999999999996 0.15066666666666667
0 0.90468675 0.29913233333333333 0.09349999999999992 0.10399999999999995
0 0.91324925 0.278299 0.08499999999999996 0.09066666666666667
0 0.8795755000000001 0.357218 0.11725000000000008 0.14100000000000001
0 0.6749505 0.09602358333333333 0.08583325000000008 0.03688900000000002
0 0.643242125 0.10196808333333333 0.09516675000000008 0.03888900000000001
0 0.150367125 0.20096808333333332 0.04749999999999999 0.062444333333333324
0 0.1928255 0.17424583333333335 0.05449999999999999 0.05488900000000002
0 0.2350754375 0.15007916666666665 0.059333250000000004 0.04866666666666669
0 0.27649218750000004 0.12852366666666667 0.06316675000000002 0.04333333333333332
0 0.316492125 0.11074583333333335 0.06683350000000005 0.03644433333333333
0 0.3525338125 0.09674583333333334 0.06483325000000001 0.02955533333333335
0 0.52536725 0.048065333333333335 0.07574999999999998 0.02316666666666667
0 0.560586 0.04231533333333333 0.076125 0.021833333333333337
0 0.0296171875 0.29424591666666666 0.04716674999999999 0.08288866666666667
0 0.0681171875 0.26135691666666666 0.044000250000000005 0.07644433333333331
0 0.1084505 0.22991250000000002 0.0435 0.06999999999999998
0 0.145263 0.16582933333333333 0.03887499999999999 0.04133333333333336
0 0.18073175 0.143871 0.041874999999999996 0.036500000000000005
0 0.2165755 0.123746 0.045625 0.03216666666666666
0 0.16730468750000002 0.10932925 0.033166749999999995 0.030333333333333337
0 0.1389505 0.12605141666666667 0.031166499999999986 0.03255566666666666
0 0.041533875 0.24352375000000004 0.03733349999999999 0.05399999999999999
0 0.07399212499999999 0.21746808333333334 0.0361665 0.05200000000000002
0 0.109242125 0.19041258333333333 0.037333249999999985 0.04733333333333334
0 0.2511476875 0.10614108333333333 0.04374999999999998 0.027888999999999997
