0 0.08094849999999999 0.5082473333333334 0.09974999999999998 0.21133333333333337
0 0.1574485 0.43583066666666664 0.11425 0.1883333333333334
0 0.236136 0.36958066666666667 0.13100000000000003 0.16633333333333333
0 0.31401100000000004 0.31133066666666664 0.14025000000000004 0.13599999999999998
0 0.38569850000000006 0.264414 0.14100000000000001 0.11133333333333331
0 0.44776099999999996 0.2267473333333333 0.13624999999999993 0.094
0 0.4998235 0.19866399999999998 0.13024999999999992 0.07666666666666666
0 0.5455734999999999 0.17699733333333334 0.12324999999999997 0.067
0 0.583011 0.16049733333333333 0.10999999999999999 0.05866666666666667
0 0.61441725 0.14633066666666666 0.10350000000000004 0.05516666666666664
0 0.6414485 0.13533066666666668 0.09412500000000001 0.050666666666666665
0 0.6640109999999999 0.126664 0.08899999999999997 0.045
0 0.6833235 0.11949733333333334 0.081125 0.04183333333333332
0 0.509005 0.8168445833333333 0.30603425 0.36566333333333334
