0 0.088228125 0.7769831666666667 0.1226665 0.2546666666666667
0 0.1673115 0.6909831666666666 0.13466675 0.22844466666666663
0 0.2437281875 0.61120525 0.14366675 0.1991113333333333
0 0.317644875 0.5379831666666667 0.15266675000000002 0.1697773333333334
0 0.38514475 0.47242758333333335 0.15366674999999996 0.1391113333333333
0 0.4456448125 0.41764975 0.14666674999999996 0.11555599999999999
0 0.49472825 0.3734275 0.13466650000000002 0.09244433333333335
0 0.5357281875000001 0.33920533333333336 0.12566650000000007 0.07555566666666669
0 0.56922825 0.31164975 0.11533325000000005 0.061777666666666675
0 0.59710325 0.28859433333333334 0.10624999999999996 0.055999999999999994
0 0.61947825 0.26984433333333335 0.09475 0.048000000000000015
0 0.6662190625000001 0.8914653333333333 0.27409624999999993 0.24431133333333344
0 0.7457371875000001 0.7677368333333333 0.2253012499999999 0.2674696666666667
0 0.78101725 0.6530540833333334 0.1926667499999999 0.2128886666666665
0 0.803600625 0.564832 0.16100024999999996 0.16622233333333342
0 0.8166839374999999 0.49627625 0.137 0.13599999999999995
0 0.826433875 0.44372075 0.119 0.10399999999999998
0 0.8335171875 0.404943 0.10699999999999998 0.09022233333333335
0 0.83826725 0.373943 0.09733324999999993 0.07777800000000001
0 0.8410902499999999 0.34805400000000003 0.08850000000000002 0.07400000000000001
0 0.8434652499999999 0.3249706666666667 0.07950000000000002 0.06216666666666665
0 0.844934 0.306179 0.07374999999999998 0.0546666666666667
0 0.8464652500000001 0.29013733333333336 0.06974999999999998 0.04966666666666669
0 0.8479964999999999 0.27626233333333333 0.06462500000000004 0.04349999999999998
0 0.0582395 0.587265 0.06475 0.1403333333333333
0 0.115302 0.5341816666666667 0.08099999999999999 0.13399999999999995
0 0.241677 0.43984833333333334 0.08825000000000002 0.08566666666666667
0 0.2907395 0.38684833333333335 0.10600000000000007 0.08699999999999997
