0 0.0733870625 0.913172 0.10967725000000002 0.20107533333333338
0 0.176677375 0.88520075 0.16099999999999998 0.259154
0 0.29426075 0.8378565833333333 0.20933350000000003 0.324932
0 0.4089274375 0.7607348333333334 0.22566675000000003 0.3222220000000001
0 0.509427375 0.6781793333333332 0.2246665 0.2733333333333333
0 0.5900940625 0.6072903333333334 0.20633350000000006 0.22355533333333333
0 0.65251075 0.5488459166666667 0.18566675 0.18222233333333332
0 0.7005940625 0.5025125833333333 0.16666650000000005 0.14844466666666667
0 0.7377607500000001 0.46562366666666666 0.14900000000000002 0.12577766666666668
0 0.766865 0.4356236666666667 0.1339999999999999 0.10599999999999998
0 0.789615 0.411957 0.11975000000000002 0.09066666666666662
0 0.806865 0.39229033333333335 0.10699999999999998 0.07900000000000001
0 0.683722625 0.9204265833333334 0.273494 0.21587033333333328
0 0.7864334374999999 0.8347320833333333 0.23012049999999995 0.31244966666666674
0 0.8337536875 0.7320774999999999 0.19233325 0.2533333333333333
0 0.8652536875 0.65385525 0.16200000000000003 0.20133333333333336
0 0.886837125 0.5940774166666667 0.13966675000000006 0.16799999999999993
0 0.9010454999999999 0.546133 0.12337500000000001 0.1413333333333333
0 0.9110142499999999 0.5075496666666666 0.110375 0.1218333333333333
0 0.91813925 0.4769246666666666 0.10175000000000001 0.10449999999999998
0 0.92413925 0.4526746666666666 0.09287499999999993 0.09166666666666662
0 0.0488238125 0.5615026666666666 0.06999999999999999 0.14577800000000002
0 0.107657125 0.5242805833333334 0.06699999999999999 0.13955566666666674
0 0.172053 0.48601666666666665 0.072625 0.1286666666666667
0 0.23708425 0.4505583333333333 0.08475000000000002 0.11549999999999999
0 0.30139675 0.4184333333333333 0.09837499999999999 0.10199999999999998
0 0.3629905 0.38959999999999995 0.104875 0.08766666666666667
0 0.4188655 0.364475 0.10962499999999997 0.07883333333333331
0 0.4696155 0.34335 0.10962500000000003 0.069
0 0.514303 0.3256 0.10712500000000008 0.06066666666666665
0 0.554303 0.3118083333333333 0.10399999999999998 0.05333333333333329
0 0.588803 0.30014166666666664 0.09625000000000006 0.048166666666666635
0 0.61852175 0.2903083333333333 0.09224999999999994 0.044333333333333336
0 0.645178 0.28235 0.08750000000000002 0.03916666666666663
0 0.668053 0.27559999999999996 0.08237500000000009 0.03849999999999998
0 0.687178 0.2694333333333333 0.078125 0.03550000000000003
0 0.705678 0.26493333333333335 0.07574999999999998 0.03266666666666668
0 0.72152175 0.26097499999999996 0.0695 0.029666666666666675
0 0.7528655 0.25130833333333336 0.0625 0.028999999999999998
0 0.7636155 0.24914166666666665 0.060124999999999984 0.027000000000000024
0 0.77389675 0.2471833333333333 0.05612500000000009 0.024833333333333346
0 0.02867225 0.41878566666666667 0.054125 0.0718333333333333
0 0.06642225 0.3964523333333333 0.05200000000000001 0.06816666666666665
0 0.10535975 0.37395233333333333 0.047625 0.063
0 0.14535975 0.35311899999999996 0.04274999999999998 0.05733333333333329
0 0.1862035 0.332994 0.044375 0.05233333333333334
0 0.22667225 0.3142856666666667 0.049500000000000016 0.04716666666666669
0 0.2670785 0.29770233333333335 0.05612500000000001 0.042833333333333334
0 0.30629725 0.28270233333333333 0.05937500000000001 0.03799999999999998
0 0.342891 0.2687023333333333 0.06425000000000003 0.03533333333333333
0 0.37835975 0.25728566666666663 0.06812499999999999 0.03166666666666665
0 0.41295350000000003 0.24745233333333333 0.06837500000000002 0.0286666666666667
0 0.44548475000000004 0.239369 0.06687500000000002 0.025166666666666643
0 0.47560975000000005 0.23245233333333332 0.0665 0.02316666666666667
0 0.5029535 0.22616066666666665 0.0648749999999999 0.021999999999999992
0 0.52798475 0.22141066666666664 0.06349999999999989 0.01999999999999999
0 0.5510785 0.21716066666666667 0.06312499999999999 0.020166666666666666
0 0.5731409999999999 0.2138273333333333 0.06000000000000005 0.018333333333333313
0 0.59298475 0.21116066666666666 0.05774999999999997 0.01783333333333334
0 0.610891 0.2088273333333333 0.05624999999999991 0.015833333333333338
0 0.6278284999999999 0.20703566666666665 0.053875000000000006 0.01566666666666669
0 0.64317225 0.20528566666666664 0.050875000000000004 0.014666666666666661
0 0.65817225 0.20353566666666667 0.05162499999999992 0.015000000000000013
0 0.72320925 0.19964966666666664 0.038000000000000034 0.009500000000000008
0 0.742303 0.20739966666666665 0.035499999999999976 0.009666666666666657
0 0.761178 0.21602466666666664 0.03562500000000002 0.010833333333333334
0 0.78158425 0.225233 0.03612499999999996 0.011999999999999983
0 0.803678 0.2351913333333333 0.03612499999999996 0.01316666666666666
0 0.82595925 0.24598299999999998 0.037250000000000005 0.015166666666666662
0 0.8488655 0.257733 0.03512499999999996 0.01633333333333334
0 0.871553 0.27002466666666664 0.03300000000000003 0.019166666666666665
0 0.894428 0.28352466666666665 0.02937499999999993 0.021666666666666612
0 0.917678 0.29794133333333334 0.028874999999999984 0.022499999999999964
0 0.9411467499999999 0.3131913333333333 0.025999999999999912 0.025999999999999968
0 0.9646155 0.32956633333333335 0.024500000000000077 0.028000000000000025
0 0.987680375 0.3461496666666667 0.023884499999999975 0.027833333333333377
