0 0.7285200625 0.5507013333333334 0.15733324999999998 0.20533333333333337
0 0.7892700625 0.5292013333333333 0.1449999999999999 0.182
0 0.8372075 0.5110903333333333 0.1302500000000001 0.15900000000000003
0 0.64968675 0.575257 0.17233350000000003 0.2346666666666667
0 0.5523534375 0.6042014166666667 0.16866675000000003 0.2588890000000001
0 0.44243512500000004 0.6324741666666667 0.15075000000000005 0.2737779999999999
0 0.3273413125 0.6566269166666666 0.12666674999999994 0.2754443333333333
0 0.22316425 0.6726963333333333 0.11399999999999996 0.26577799999999996
0 0.1347475625 0.682363 0.12200000000000001 0.25244433333333327
0 0.060497625 0.6899185 0.11733325 0.236
0 0.8456656874999999 0.7892705 0.17108424999999994 0.1983933333333333
0 0.690244 0.89491475 0.28252999999999995 0.21133200000000008
