0 0.1435995 0.5136157499999999 0.08866675 0.1715556666666666
0 0.2120161875 0.4813934166666667 0.08199999999999999 0.16933333333333334
0 0.2868495 0.4481711666666667 0.08566649999999998 0.15911100000000006
0 0.3656828125 0.41628241666666665 0.10366674999999997 0.14399999999999996
0 0.4419329375 0.386949 0.119 0.1293333333333333
0 0.5146827500000001 0.3613935 0.12933350000000005 0.11333333333333334
0 0.580516125 0.34028233333333335 0.12966674999999994 0.10399999999999998
0 0.6346828125000001 0.32372691666666664 0.126 0.09377766666666659
0 0.6815995 0.31017116666666666 0.121 0.0857776666666667
0 0.7218494375000001 0.29883791666666665 0.11666674999999993 0.07822200000000001
0 0.757682875 0.29017116666666665 0.10833325000000005 0.07066666666666666
0 0.7883495 0.28317125 0.10166675000000003 0.06666699999999998
0 0.8150995000000001 0.27794908333333335 0.09466675000000002 0.061333
