0 0.78751675 0.7222036666666667 0.2679999999999999 0.2546666666666666
0 0.86939175 0.6727036666666667 0.20850000000000002 0.22066666666666657
0 0.9264500625 0.631537 0.15973325000000005 0.19199999999999995
0 0.960508375 0.5878703333333333 0.10073325 0.15999999999999992
0 0.11895006250000001 0.4403703333333333 0.21826675 0.23399999999999999
0 0.051508375 0.438037 0.11526675 0.2046666666666666
0 0.17839175000000002 0.29037033333333334 0.20800000000000002 0.18333333333333335
0 0.077133375 0.33353700000000003 0.20726675 0.2406666666666667
0 0.27464175 0.26370366666666667 0.2215 0.1713333333333334
0 0.22289175 0.4172036666666667 0.263 0.254
0 0.38101675 0.24270366666666668 0.21349999999999997 0.152
0 0.34726675 0.3933703333333334 0.2825 0.25200000000000006
0 0.48976675000000003 0.23020366666666667 0.186 0.13199999999999998
0 0.48151675 0.372537 0.256 0.23200000000000004
0 0.58914175 0.22537033333333334 0.14749999999999996 0.11933333333333335
0 0.6068917500000001 0.35837033333333335 0.201 0.20666666666666672
0 0.67601675 0.22837033333333334 0.11050000000000004 0.11266666666666669
0 0.71039175 0.351037 0.13650000000000007 0.18000000000000005
0 0.74739175 0.23550933333333335 0.08025000000000004 0.10799999999999998
0 0.80489175 0.243426 0.055749999999999966 0.1023333333333333
0 0.79039175 0.347926 0.08924999999999994 0.16099999999999998
0 0.8505167499999999 0.34517600000000004 0.058499999999999996 0.14200000000000002
0 0.85095425 0.25025933333333333 0.04500000000000004 0.087
0 0.89626675 0.344926 0.04800000000000004 0.128
0 0.91745425 0.20125933333333335 0.03749999999999998 0.036000000000000004
0 0.94014175 0.23300933333333335 0.033500000000000085 0.04333333333333336
0 0.71176675 0.11925933333333333 0.15974999999999995 0.077
0 0.76001675 0.13075933333333334 0.14600000000000002 0.079
0 0.79757925 0.14000933333333335 0.12250000000000005 0.07466666666666667
0 0.65845425 0.108926 0.17400000000000004 0.07133333333333335
0 0.5958917499999999 0.10100933333333334 0.18574999999999997 0.06233333333333335
0 0.52745425 0.096926 0.19075000000000003 0.053333333333333344
0 0.45432925 0.098176 0.18924999999999997 0.04766666666666668
0 0.37570425 0.10550933333333334 0.18225000000000002 0.04633333333333335
0 0.29757925 0.11984266666666668 0.165 0.046666666666666676
0 0.22326675 0.13917600000000002 0.14 0.04899999999999999
0 0.14932925 0.16525933333333334 0.11800000000000001 0.06266666666666668
0 0.08595425000000001 0.19275933333333334 0.06625 0.06366666666666665
0 0.03951675 0.216176 0.049 0.06633333333333336
