0 0.39173 0.541624 0.13474999999999998 0.2356666666666667
0 0.4907925 0.508374 0.15675 0.21833333333333332
0 0.5815425000000001 0.4780406666666667 0.16300000000000003 0.1926666666666667
0 0.65823 0.4525406666666667 0.15350000000000008 0.16466666666666663
0 0.72073 0.4320406666666667 0.14500000000000002 0.14433333333333337
0 0.77098 0.4157906666666667 0.12550000000000006 0.125
0 0.29150075 0.57365175 0.10800000000000001 0.23999999999999994
0 0.19900075 0.6014295 0.10133324999999999 0.24
0 0.11841750000000001 0.6249851666666666 0.10366674999999999 0.23466666666666658
0 0.88812475 0.9016470833333333 0.18099999999999994 0.23491499999999998
0 0.9473435625 0.8227516666666668 0.1238752500000001 0.29866666666666664
