1 0.687855 0.6777776666666667 0.2413845 0.1993963333333334
0 0.651526375 0.5530868333333333 0.21499999999999997 0.14533333333333337
1 0.6209429375 0.4587535833333333 0.18999999999999995 0.10222233333333336
0 0.5964637500000001 0.38880899999999996 0.16575000000000006 0.07400000000000001
0 0.5766512500000001 0.3346423333333333 0.14800000000000002 0.05733333333333329
1 0.55990125 0.29297566666666663 0.13087499999999996 0.04416666666666669
1 0.54722425 0.26004533333333335 0.11662500000000003 0.036500000000000005
0 0.5371825 0.233809 0.10649999999999998 0.03083333333333335
0 0.8831929375 0.610198 0.16399999999999992 0.15333333333333332
1 0.8342763125 0.5143090833333334 0.1593332500000001 0.11377800000000005
0 0.7902763125 0.43497583333333334 0.14666674999999996 0.08666666666666667
1 0.752193 0.3736425 0.13766674999999995 0.05955533333333335
1 0.71942225 0.32630899999999996 0.13175000000000003 0.04466666666666663
1 0.691526375 0.2876424166666667 0.121 0.03511133333333333
0 0.6673596875 0.25564241666666665 0.11150000000000004 0.028888666666666674
0 0.6471513125 0.22847566666666666 0.10333349999999997 0.026222333333333347
1 0.8066305 0.2427953333333333 0.08062500000000006 0.030166666666666647
1 0.8320366875 0.26765633333333333 0.08241674999999993 0.03350000000000003
0 0.861547125 0.29730908333333333 0.08833325000000003 0.037111333333333274
1 0.8939221875 0.3313090833333333 0.08758325 0.03866666666666663
0 0.9277971875 0.3711979166666666 0.08800000000000008 0.04533333333333334
1 0.9629885625 0.41930908333333333 0.08001524999999998 0.05733333333333335
1 0.7566443125 0.19882816666666667 0.08450000000000002 0.031222333333333352
1 0.7287485 0.176356 0.07916675000000006 0.025888666666666643
1 0.5937485 0.16780033333333333 0.08137499999999998 0.01899999999999996
1 0.61065475 0.18867533333333333 0.08787499999999993 0.02316666666666667
1 0.50859225 0.17067533333333332 0.07862500000000011 0.02366666666666664
1 0.5177485000000001 0.1916753333333333 0.08875000000000005 0.028666666666666674
0 0.7296057499999999 0.8308043333333334 0.263 0.2586666666666667
1 0.9302875625 0.72758225 0.146061 0.19999999999999996
1 0.1633645 0.8978209166666667 0.205 0.19112766666666658
0 0.1958229375 0.7440944166666666 0.19666675 0.15422233333333335
0 0.2170729375 0.6173166666666667 0.18233325000000003 0.128
1 0.23976037500000003 0.5180388333333333 0.17200000000000004 0.11466666666666664
1 0.2617188125 0.44026099999999996 0.15299999999999997 0.09366666666666668
1 0.2798645625 0.3803165833333333 0.13583325000000002 0.07800000000000001
1 0.2949479375 0.33365 0.123 0.06511099999999992
0 0.30765625 0.29687216666666666 0.11083325 0.055333333333333345
0 0.3177395625 0.26756675 0.10166674999999997 0.04822233333333334
1 0.33715625 0.21823333333333333 0.08800000000000002 0.043999999999999984
0 0.3456458125 0.19437225000000002 0.07937499999999997 0.03616666666666668
1 0.2462395 0.242039 0.08212500000000006 0.04866666666666669
1 0.262677 0.21566399999999997 0.07250000000000006 0.040166666666666656
1 0.148177 0.413539 0.11549999999999999 0.08000000000000002
1 0.12117699999999999 0.47245566666666666 0.12199999999999998 0.08766666666666667
1 0.090552 0.5441223333333334 0.1295 0.09766666666666673
1 0.060460875000000004 0.6311779166666667 0.1238645 0.10177766666666666
1 0.03846325 0.7373276666666666 0.0930915 0.1243333333333333
1 0.171589 0.36635141666666665 0.1026665 0.06711100000000003
0 0.191672375 0.32762916666666664 0.094 0.0606666666666667
1 0.025264625 0.4208514166666667 0.058797249999999995 0.055555666666666614
1 0.0454223125 0.3839069166666667 0.07433324999999999 0.05711100000000002
1 0.0675473125 0.3512403333333333 0.07266650000000001 0.05244466666666664
1 0.1141723125 0.29118483333333334 0.07349999999999998 0.05266666666666664
0 0.138287 0.260907 0.06949999999999999 0.04633333333333334
0 0.455769 0.12940966666666667 0.03037500000000004 0.017000000000000015
0 0.48356587500000003 0.12695133333333333 0.03287499999999999 0.015333333333333324
0 0.511190875 0.1251805 0.035375000000000045 0.014833333333333337
0 0.538222125 0.12398608333333333 0.036812499999999915 0.013444333333333322
0 0.564769 0.1235485 0.03799999999999992 0.014333333333333323
0 0.5907481875 0.12338175 0.039333249999999986 0.015111333333333352
0 0.427644 0.13302058333333333 0.02966650000000004 0.01855566666666668
0 0.399519 0.13735391666666666 0.03116650000000004 0.02011099999999999
0 0.37210231250000003 0.1421595 0.033333250000000036 0.021444333333333315
1 0.344685625 0.14821508333333333 0.036250000000000004 0.022888999999999993
0 0.3177690625 0.15502058333333332 0.03708325000000001 0.02355566666666667
0 0.2920398125 0.161854 0.03816650000000005 0.02488866666666667
0 0.267024125 0.169215 0.04081250000000006 0.02683333333333332
1 0.242321 0.17738858333333332 0.04056250000000003 0.02797233333333332
0 0.219612625 0.18545783333333332 0.03891675000000003 0.027666666666666673
0 0.197529375 0.19412449999999998 0.03916675 0.028666666666666674
0 0.61552925 0.12399933333333332 0.041000000000000036 0.015833333333333338
0 0.639873 0.125666 0.04375000000000007 0.01733333333333334
0 0.6635605 0.12783266666666665 0.04425000000000001 0.017666666666666664
1 0.9064952500000001 0.22946133333333335 0.05487500000000001 0.02616666666666667
1 0.88218275 0.20983633333333335 0.05587500000000001 0.025499999999999995
