0 0.59279225 0.8362656666666667 0.28263350000000004 0.33371166666666663
0 0.6932463125 0.7460273333333334 0.2468784999999999 0.32917133333333326
0 0.7579721875000001 0.6538369166666667 0.21747000000000005 0.26506033333333345
0 0.8043578124999999 0.5825518333333334 0.18373525000000002 0.21445800000000004
0 0.2067674375 0.514881 0.10421675000000002 0.19277100000000008
0 0.1915565625 0.4010256666666667 0.07048199999999999 0.11566266666666669
0 0.3617348125 0.42590858333333337 0.13683325000000002 0.154889
0 0.3139014375 0.33757525 0.09383325000000003 0.091111
0 0.49602650000000004 0.35657516666666667 0.14416650000000003 0.11711100000000002
0 0.4325681875 0.38757525000000004 0.1433334999999999 0.13488866666666666
0 0.3721514375 0.310853 0.10083325000000004 0.07688899999999993
0 0.4260681875 0.28813083333333334 0.10583349999999991 0.06799999999999995
0 0.47610981249999995 0.27018641666666665 0.10716649999999994 0.061777666666666675
0 0.5502765000000001 0.33090858333333334 0.13749999999999996 0.09955533333333333
0 0.5202765 0.254853 0.1043332500000001 0.05622200000000002
0 0.5970264375 0.31024183333333333 0.1318332499999999 0.08599999999999997
0 0.5596515625 0.2418529166666667 0.10366675000000003 0.05088899999999996
0 0.63631825 0.2929085 0.12050000000000005 0.07933333333333331
0 0.6681098750000001 0.27874183333333336 0.10916674999999998 0.06999999999999998
0 0.593734875 0.23168633333333333 0.09816674999999997 0.04444433333333336
0 0.6224431875 0.2239085 0.09233350000000007 0.04177799999999998
0 0.694859875 0.2685751666666667 0.10183324999999999 0.06333333333333332
0 0.25300025 0.3680773333333333 0.08149999999999999 0.10400000000000004
0 0.28512525 0.467744 0.11899999999999997 0.17199999999999993
0 0.13062 0.43740466666666666 0.0645 0.12799999999999995
0 0.131495 0.5629046666666666 0.08149999999999999 0.20866666666666667
0 0.1468683125 0.27134016666666666 0.039833499999999994 0.04644433333333331
0 0.1429516875 0.3045623333333333 0.044499999999999984 0.05777766666666667
0 0.18245168750000001 0.253229 0.03833325000000001 0.043333333333333335
0 0.1841183125 0.2844511666666667 0.044166750000000005 0.057999999999999996
0 0.21786824999999999 0.23600675 0.04099999999999998 0.038889000000000035
0 0.224785 0.26389575000000004 0.04883350000000003 0.05200000000000002
0 0.252951625 0.22095125 0.045666750000000006 0.03444433333333333
0 0.2653266875 0.24556224999999998 0.05466649999999998 0.04755566666666666
0 0.3046184375 0.22822908333333333 0.057499999999999996 0.04266633333333336
0 0.2883683125 0.20661783333333333 0.048166750000000036 0.030666666666666648
0 0.3222433125 0.19372908333333333 0.05083324999999994 0.026666666666666672
0 0.3439100625 0.21367350000000002 0.065 0.037111000000000005
0 0.38191 0.2018956666666667 0.066 0.033111333333333354
0 0.354118375 0.18328458333333333 0.05566650000000001 0.025110999999999994
0 0.3862016875 0.1736735 0.05866650000000001 0.024222333333333346
0 0.4169933125 0.19095125000000002 0.06766674999999994 0.030888666666666648
0 0.4167849375 0.16472908333333333 0.057999999999999996 0.02111100000000002
0 0.450868375 0.18156233333333333 0.06916675 0.029110999999999998
0 0.4450766875 0.15784016666666667 0.06016674999999999 0.01822233333333334
0 0.4817641875 0.17417341666666666 0.06916674999999994 0.026889000000000024
0 0.4719516875 0.15211783333333334 0.060333250000000005 0.01911133333333334
0 0.49716 0.14722908333333334 0.060166749999999936 0.01733333333333334
0 0.36707675 0.14193733333333333 0.04175000000000001 0.01483333333333331
0 0.39038925 0.13593733333333335 0.041374999999999995 0.013333333333333336
0 0.41338925 0.13077066666666667 0.04262499999999997 0.012333333333333335
0 0.4354205 0.12589566666666668 0.04062500000000002 0.011666666666666672
0 0.45482675 0.12181233333333334 0.042374999999999996 0.01050000000000001
0 0.47438925 0.11893733333333334 0.043999999999999984 0.010999999999999996
0 0.49338925 0.11606233333333334 0.044875 0.009500000000000008
0 0.51170175 0.11339566666666667 0.04337499999999994 0.008499999999999994
0 0.58262875 0.15577066666666667 0.06074999999999997 0.020666666666666667
0 0.60156625 0.152479 0.05800000000000005 0.018666666666666665
