0 0.14717287499999998 0.4952610833333333 0.10833324999999998 0.15822233333333335
1 0.21583962499999998 0.47603891666666664 0.10300000000000001 0.16177766666666665
0 0.2917561875 0.4565945 0.09666675000000002 0.15955566666666665
0 0.37425625 0.43770549999999997 0.09600000000000003 0.15600000000000003
0 0.4590895625 0.41992783333333333 0.11066675000000004 0.14800000000000002
0 0.54075625 0.4034833333333333 0.12633324999999995 0.1391113333333333
0 0.6151728750000001 0.3899278333333333 0.13066674999999994 0.12844466666666665
0 0.677922875 0.3802610833333333 0.127 0.11777766666666661
1 0.7308395625 0.37337216666666667 0.12433325000000006 0.10799999999999998
0 0.77775625 0.36848333333333333 0.12233325000000006 0.10044433333333336
0 0.818985375 0.36431674999999997 0.11333324999999994 0.09366666666666668
1 0.8528395 0.3608166666666667 0.10249999999999992 0.08666666666666667
1 0.8812770000000001 0.3588166666666667 0.09999999999999998 0.08300000000000002
0 0.9073395 0.35665 0.09099999999999997 0.07766666666666666
0 0.930652 0.3544 0.08199999999999996 0.07400000000000001
0 0.9496865000000001 0.3531416666666667 0.07199999999999995 0.07066666666666666
0 0.9650615 0.3520583333333333 0.07000000000000006 0.068
0 0.874700625 0.881859 0.24242425 0.2629086666666667
