1 0.242118 0.4610276666666667 0.14225000000000002 0.10199999999999998
0 0.25651843750000003 0.3934111666666667 0.13424475 0.10058333333333336
1 0.6470575625 0.38186566666666666 0.18349974999999996 0.08947666666666665
0 0.6197195 0.3186955 0.1690522499999999 0.07793066666666665
1 0.5964106874999999 0.26731008333333334 0.14976050000000007 0.056749999999999995
0 0.5783460625 0.2285695 0.1363549999999999 0.042606000000000005
1 0.5626418125 0.19676575000000002 0.12513549999999996 0.03728466666666663
0 0.5496633125 0.17103166666666667 0.11220849999999999 0.029875000000000013
0 0.5389809999999999 0.15024791666666668 0.105375 0.025805333333333347
1 0.5286655 0.13240666666666667 0.09670824999999994 0.024597333333333346
0 0.5200923749999999 0.11773883333333333 0.08602074999999992 0.020347333333333315
0 0.5134283125 0.10556525 0.08087499999999992 0.019027666666666665
0 0.5073156249999999 0.09440683333333334 0.0762084999999999 0.01773633333333334
0 0.5015146875000001 0.08435416666666667 0.07106249999999997 0.016916666666666677
0 0.2710674375 0.3332405833333333 0.12579175 0.08500000000000002
1 0.2846085 0.2866728333333333 0.11534375 0.06956966666666664
1 0.296419125 0.249669 0.10533324999999996 0.06213900000000003
1 0.30662924999999996 0.21911291666666668 0.09583324999999993 0.05291666666666667
0 0.315361 0.19461299999999998 0.08777075000000001 0.04648600000000003
0 0.348040125 0.10635258333333333 0.06095824999999999 0.021166666666666667
0 0.34433175 0.1164705 0.06295825 0.021916666666666654
0 0.33994425 0.12826366666666666 0.06690649999999998 0.026888666666666658
1 0.3344286875 0.14252399999999998 0.072104 0.03241633333333335
0 0.32876025 0.1577585 0.07508324999999999 0.034444333333333355
0 0.3229963125 0.17407416666666667 0.08100025 0.04000000000000001
