0 0.866330625 0.8077956666666667 0.12177424999999997 0.26021533333333347
0 0.741733875 0.7653225 0.16532275000000007 0.2763443333333334
0 0.6026209375 0.6973118333333334 0.20887100000000003 0.27311833333333335
0 0.46895162500000004 0.6196236666666667 0.2298385 0.24731199999999998
0 0.36209681250000003 0.5491935833333333 0.21612900000000002 0.2
0 0.28155287500000004 0.4964395833333334 0.19759024999999997 0.1512770000000001
0 0.22164025 0.45544091666666664 0.16866650000000002 0.1253333333333333
1 0.1793069375 0.4226631666666667 0.14566650000000003 0.10044466666666668
1 0.14805693749999999 0.39788541666666666 0.12766675 0.08400000000000002
1 0.31909862499999997 0.30316299999999996 0.08083324999999997 0.036444333333333356
0 0.3573069375 0.3163853333333333 0.09100000000000003 0.04377766666666666
0 0.4054944375 0.33177425 0.1020835 0.05055566666666672
0 0.531609 0.37441066666666667 0.1140000000000001 0.0703333333333333
1 0.60461575 0.403307 0.1057499999999999 0.08299999999999996
0 0.6812407500000001 0.4349736666666667 0.09299999999999997 0.08866666666666667
0 0.46455325000000003 0.3504736666666667 0.11100000000000004 0.062
0 0.7591157500000001 0.4699736666666667 0.08250000000000002 0.09533333333333333
0 0.8312407500000001 0.505057 0.08125000000000004 0.09999999999999998
