1 0.062388625 0.8734273333333333 0.138296 0.2629856666666667
0 0.122545875 0.7542364166666666 0.16833349999999997 0.27155533333333337
1 0.188045875 0.6331253333333333 0.178 0.22044433333333346
0 0.2517125 0.5276809166666666 0.179 0.17422233333333337
0 0.309795875 0.43934758333333335 0.176 0.13377766666666674
0 0.361525 0.3683196666666667 0.16575 0.10400000000000004
0 0.405275 0.31223633333333334 0.14849999999999997 0.08133333333333337
0 0.44061874999999995 0.2678613333333333 0.13249999999999995 0.0655
0 0.5797125625 0.2373475 0.1066665 0.07933333333333334
0 0.6520041875 0.26095866666666667 0.0816667499999999 0.08333333333333334
0 0.7143793125 0.28390299999999996 0.06483325000000006 0.088
0 0.77375425 0.3090698333333333 0.06616675000000005 0.10066666666666663
0 0.8305458125 0.33590316666666664 0.07050000000000001 0.10866633333333336
0 0.88094175 0.3615836666666667 0.07191649999999994 0.1163886666666667
0 0.9278585 0.3890143333333333 0.07600000000000007 0.12266666666666665
0 0.9691595000000001 0.41018099999999996 0.0644539999999999 0.09666666666666668
0 0.771342125 0.6232994166666667 0.10666675000000014 0.26311100000000004
0 0.86175875 0.6640771666666667 0.09066649999999998 0.2560000000000001
0 0.9381545 0.6987995 0.08199999999999996 0.2448889999999999
1 0.67050475 0.9280988333333333 0.2964999999999999 0.18831266666666668
0 0.480799 0.20970899999999998 0.07900000000000001 0.053333333333333344
