0 0.322715625 0.8152667499999999 0.24432450000000003 0.36662899999999987
0 0.23460556249999998 0.5851305 0.13195249999999997 0.23382499999999995
0 0.43168275 0.7295686666666666 0.26135050000000004 0.3620886666666667
0 0.3180334375 0.5272418333333334 0.15323499999999998 0.19863800000000004
0 0.3957150625 0.4724745 0.164302 0.16458566666666663
0 0.5244750625000001 0.6387627499999999 0.24432475000000003 0.2985243333333334
0 0.596391 0.562182 0.22799999999999992 0.24066666666666658
0 0.464016 0.42651533333333336 0.16499999999999998 0.1413333333333333
0 0.652641 0.5020153333333334 0.20350000000000001 0.19466666666666665
0 0.6951826875 0.45345975000000005 0.18300000000000005 0.16155566666666676
0 0.7287243125 0.41490425000000003 0.16216675000000003 0.13733333333333336
0 0.756349375 0.38590416666666666 0.14400000000000002 0.11511099999999996
0 0.7766409999999999 0.3632929166666667 0.127 0.09533333333333333
0 0.792682625 0.34512624999999997 0.11716674999999999 0.08755566666666664
0 0.806224375 0.3293485 0.10650000000000004 0.07688899999999999
0 0.8176410625 0.3163485833333333 0.09833324999999993 0.07044433333333328
0 0.8272034375 0.30448733333333333 0.09016675000000007 0.06411133333333335
0 0.8352451875 0.29468191666666665 0.08483325000000008 0.058944666666666645
0 0.842099375 0.28566800000000003 0.08129175000000011 0.055499999999999994
0 0.5216221875 0.38784275 0.16166675000000008 0.11733333333333335
0 0.571288875 0.3575094166666667 0.15166675000000002 0.09911133333333333
0 0.6109555625 0.33284275 0.13833325000000007 0.08311099999999999
0 0.6452055624999999 0.31373175000000003 0.13233324999999996 0.07333333333333336
0 0.67349725 0.2987316666666667 0.119 0.06444433333333338
0 0.6965139375 0.2861363333333333 0.1126665 0.0604446666666667
0 0.716930625 0.27524750000000003 0.10166675000000003 0.05466666666666667
0 0.7333055 0.266553 0.09637499999999999 0.04966666666666664
0 0.748618 0.258678 0.08925000000000005 0.04533333333333334
0 0.7609305000000001 0.25146966666666665 0.08199999999999996 0.04133333333333336
0 0.7726180625000001 0.24585858333333332 0.0758335 0.0375553333333333
0 0.26673725 0.31800016666666664 0.097 0.08400000000000002
0 0.3263206875 0.29122233333333336 0.08100000000000002 0.05422233333333337
0 0.371154 0.27222233333333334 0.08266650000000003 0.04844466666666669
0 0.4123623125 0.25534741666666666 0.08316675000000001 0.043999999999999984
0 0.44962275 0.24181966666666665 0.08324999999999999 0.038500000000000006
0 0.48324775 0.23006966666666664 0.08412499999999995 0.03516666666666665
0 0.51449775 0.22019466666666665 0.08324999999999999 0.032
0 0.28109 0.25972633333333334 0.07324999999999998 0.05100000000000002
0 0.32796499999999995 0.24097633333333332 0.06225000000000003 0.032333333333333325
0 0.3628399375 0.22733758333333332 0.06375000000000003 0.02844433333333332
0 0.39592324999999995 0.21564308333333332 0.06616650000000007 0.024999999999999994
0 0.42798575 0.20536533333333334 0.0655 0.02300000000000002
0 0.25158993749999997 0.21944866666666668 0.042499999999999954 0.025999999999999995
0 0.2393190625 0.20767083333333333 0.036250000000000004 0.02077766666666664
0 0.264714875 0.19719866666666666 0.03816675000000003 0.01844433333333334
0 0.2799858125 0.20758758333333335 0.04524999999999996 0.023555333333333317
0 0.307402375 0.19669875 0.04641675000000001 0.021999999999999992
0 0.289756625 0.18730975 0.040583250000000015 0.01733333333333331
0 0.9412136875 0.9167185 0.12523925000000002 0.18511599999999995
0 0.961547 0.8064394166666667 0.08690599999999993 0.19555566666666668
0 0.9694636875 0.706995 0.06623924999999997 0.14933333333333343
0 0.9742136875 0.6313284166666666 0.0549059999999999 0.11866699999999997
0 0.976963625 0.5732171666666667 0.04757275000000005 0.09511100000000006
0 0.978088625 0.5284394166666667 0.04457275000000005 0.08355566666666664
0 0.978797 0.49166166666666666 0.04257275000000005 0.07133333333333336
0 0.979047 0.46121725 0.04207274999999999 0.062444333333333324
0 0.978963625 0.4353283333333333 0.04207274999999999 0.05444433333333326
0 0.9791303125 0.4153839166666667 0.04207274999999999 0.04755533333333334
0 0.9790053750000001 0.3994395 0.04223924999999995 0.04911099999999996
0 0.9789220000000001 0.384495 0.042405999999999944 0.048888666666666636
