0 0.194079625 0.5932675833333333 0.0945 0.24355566666666667
1 0.28412125 0.5542676666666667 0.10933324999999997 0.23377766666666672
0 0.3787045 0.5148232500000001 0.13633349999999994 0.22355566666666665
0 0.47120456250000003 0.47504541666666666 0.1576665000000001 0.20044433333333334
1 0.5567045625 0.4404899166666667 0.16466650000000005 0.17866666666666664
0 0.630287875 0.41160091666666665 0.15799999999999992 0.15599999999999997
0 0.690537875 0.3877121666666667 0.14733325000000008 0.13866666666666672
0 0.7392462500000001 0.36826766666666666 0.13833325000000007 0.12311100000000003
0 0.778954625 0.35193433333333335 0.12633325000000006 0.11022233333333331
0 0.815287875 0.3381565 0.11933324999999995 0.10133366666666666
0 0.8055116875 0.9060635 0.22168675000000015 0.23261133333333328
1 0.89602375 0.8422080833333333 0.18373474999999995 0.3065070000000001
1 0.9412196875000001 0.7523282499999999 0.13198825000000003 0.27791166666666656
0 0.9633733125 0.6645773333333334 0.08921725000000003 0.19277100000000003
