0 0.54635975 0.7488276666666667 0.25999999999999995 0.30266666666666675
1 0.6179822500000001 0.630003 0.23550000000000004 0.2579999999999999
0 0.67398225 0.532253 0.19900000000000007 0.2003333333333333
0 0.71323225 0.4576696666666667 0.16999999999999993 0.16000000000000003
0 0.74073225 0.401503 0.14849999999999997 0.1293333333333333
1 0.762836375 0.3582529166666667 0.13075000000000003 0.10488866666666663
0 0.77935725 0.32364175 0.11716649999999995 0.0895556666666667
0 0.7912114375 0.2973918333333333 0.10558325000000002 0.07555533333333331
1 0.8014405 0.27547499999999997 0.09525000000000006 0.068
1 0.8101905 0.256475 0.08699999999999997 0.0576666666666667
0 0.8170655 0.24072499999999997 0.08025000000000004 0.04999999999999999
0 0.8233155000000001 0.22747499999999998 0.07300000000000006 0.04500000000000001
1 0.8285655000000001 0.21526666666666666 0.06774999999999998 0.04083333333333333
1 0.8330655 0.20480833333333331 0.06300000000000006 0.03716666666666668
1 0.023577375 0.5473763333333332 0.0569365 0.13266666666666665
1 0.059374 0.5458763333333333 0.087 0.15733333333333333
0 0.108374 0.5228763333333333 0.09425 0.16766666666666669
1 0.1660615 0.49662633333333334 0.095 0.16933333333333334
1 0.059248999999999996 0.45104299999999997 0.073 0.11566666666666664
1 0.0986865 0.42895966666666663 0.07749999999999999 0.1196666666666667
0 0.143624 0.4053763333333333 0.0775 0.1176666666666667
0 0.1929365 0.3808763333333333 0.07324999999999998 0.11233333333333329
0 0.249249 0.35570966666666665 0.07375000000000004 0.11066666666666658
0 0.30874900000000005 0.3316263333333333 0.06574999999999998 0.10066666666666668
1 0.37018650000000003 0.30862633333333334 0.07050000000000001 0.08999999999999997
1 0.4323115 0.290043 0.08450000000000002 0.08266666666666664
0 0.027009062499999997 0.47054508333333334 0.059081499999999995 0.10799999999999998
0 0.3140439375 0.9341814166666667 0.21666675 0.18416233333333332
0 0.14414725 0.28794733333333333 0.07200000000000001 0.0665
1 0.194116 0.2628223333333333 0.07075000000000001 0.0635
1 0.165366 0.24982233333333334 0.06175 0.054833333333333345
1 0.21105350000000003 0.22778066666666666 0.06225 0.05449999999999999
0 0.23908475 0.24119733333333332 0.05087499999999995 0.053833333333333316
0 0.25133475 0.208864 0.04324999999999998 0.04116666666666666
0 0.28505349999999996 0.19565566666666667 0.03999999999999998 0.035
0 0.31764725 0.21007233333333333 0.043249999999999955 0.04366666666666666
0 0.31892849999999995 0.18415566666666666 0.03562500000000002 0.032
0 0.35745974999999997 0.197489 0.043625000000000025 0.03883333333333336
0 0.35383475 0.173614 0.040000000000000036 0.031166666666666648
0 0.389741 0.16369733333333333 0.04150000000000004 0.029333333333333322
1 0.397366 0.186614 0.048875 0.03616666666666668
0 0.43639724999999996 0.17765566666666666 0.05337499999999995 0.0325
0 0.4226785 0.155989 0.042625000000000024 0.025499999999999995
0 0.48139725 0.14504466666666666 0.049000000000000044 0.021333333333333315
0 0.50095975 0.1654196666666667 0.05974999999999997 0.031166666666666648
1 0.537991 0.159878 0.06325000000000003 0.027499999999999997
0 0.51364725 0.14008633333333334 0.05237499999999995 0.020166666666666666
0 0.54558475 0.13583633333333334 0.055625000000000036 0.020166666666666666
0 0.573241 0.15583633333333335 0.06299999999999994 0.027166666666666672
0 0.6049285 0.15258633333333332 0.06237500000000007 0.025833333333333347
0 0.57602225 0.132753 0.055749999999999966 0.019666666666666652
1 0.6343035 0.15066966666666667 0.0635 0.022999999999999993
0 0.6039285 0.13071133333333335 0.05125000000000002 0.018666666666666665
0 0.66339725 0.15062799999999998 0.0675 0.02300000000000002
1 0.6298035 0.13008633333333333 0.05349999999999999 0.01816666666666665
1 0.65533475 0.13008633333333333 0.05124999999999991 0.01883333333333334
1 0.67864725 0.13071133333333335 0.053625000000000034 0.02083333333333333
1 0.7011160000000001 0.13162800000000002 0.053625000000000034 0.020000000000000004
0 0.721366 0.13271133333333335 0.05149999999999999 0.020500000000000004
1 0.83710975 0.19440133333333331 0.058374999999999955 0.03533333333333333
