0 0.9358339375 0.7797934166666667 0.10666675000000003 0.3004446666666666
1 0.8655839375 0.7047934166666667 0.12766650000000002 0.28755566666666665
0 0.7890005625 0.6239045833333333 0.1523332500000001 0.2653333333333333
1 0.70941725 0.5447934166666667 0.17066674999999998 0.2302223333333333
1 0.63316725 0.4726823333333333 0.18266650000000006 0.1906666666666666
0 0.5653339374999999 0.41112675 0.18066650000000006 0.15511133333333327
1 0.5072505625 0.36090466666666665 0.17233324999999994 0.12488900000000003
0 0.45933393749999996 0.32168233333333335 0.1606667499999999 0.10311100000000001
1 0.419083875 0.28990458333333335 0.14800000000000002 0.08755566666666667
1 0.9590839375 0.5986824166666667 0.06166674999999999 0.18622233333333338
1 0.9010005624999999 0.5410156666666667 0.07700000000000007 0.1755553333333334
1 0.8400005625 0.4819045833333333 0.09466674999999991 0.15688899999999995
1 0.7776672499999999 0.42690458333333337 0.10633349999999997 0.13555566666666663
1 0.716333875 0.3775711666666667 0.11699999999999999 0.11199999999999999
1 0.6580839374999999 0.33457125 0.12566674999999994 0.09377799999999997
1 0.33670275 0.22855066666666668 0.11466674999999998 0.06044433333333335
0 0.31761937500000004 0.21510616666666668 0.10266649999999994 0.05288900000000002
1 0.3013694375 0.20355058333333334 0.09566650000000004 0.04755566666666666
0 0.287036125 0.19399524999999998 0.08733325 0.04400000000000001
1 0.27545268749999996 0.18527274999999999 0.08299999999999999 0.04022233333333333
0 0.3421610625 0.15821733333333332 0.07850025 0.02733333333333332
1 0.2649526875 0.17824508333333333 0.08166674999999995 0.03966666666666668
1 0.326869375 0.15182858333333332 0.0675 0.02555566666666667
1 0.2545776875 0.17143958333333334 0.07549999999999996 0.03600000000000003
0 0.3135360625 0.14688400000000001 0.06316650000000001 0.023111333333333317
1 0.3018694375 0.142384 0.059333250000000004 0.02288900000000002
1 0.2461610625 0.16560616666666667 0.07016650000000002 0.033999999999999975
1 0.3594110625 0.16505058333333333 0.08516675000000001 0.03
1 0.3778695 0.17288399999999998 0.09199999999999997 0.03288866666666668
1 0.7944945 0.2835506666666667 0.06300000000000006 0.0576666666666667
1 0.753682 0.2569673333333334 0.0695 0.049000000000000016
0 0.776932 0.23771733333333336 0.056499999999999995 0.03566666666666668
0 0.7137445 0.23255066666666668 0.07025000000000003 0.041333333333333305
1 0.677161125 0.21205066666666667 0.07450000000000001 0.03666666666666665
1 0.74170275 0.21771733333333335 0.05383350000000009 0.028888999999999998
0 0.7093694375 0.19927283333333334 0.058666499999999844 0.025777666666666643
0 0.6763694375 0.18260616666666665 0.05899999999999994 0.02288866666666664
1 0.6418694375 0.194384 0.07600000000000007 0.03133333333333335
1 0.6471610624999999 0.168384 0.05833325 0.020444333333333342
1 0.6093694375 0.17921733333333334 0.07483325000000007 0.028888666666666674
1 0.5794110625 0.1657728333333333 0.07366649999999997 0.02533333333333332
1 0.619994375 0.15621741666666666 0.06316675000000005 0.01866699999999999
1 0.593369375 0.14499516666666667 0.06266649999999996 0.016444666666666663
1 0.5514944374999999 0.1539395 0.07350000000000001 0.023333333333333317
0 0.567369375 0.13543966666666668 0.05983324999999984 0.013111000000000012
1 0.5269944375 0.14427283333333335 0.06783325000000007 0.020222333333333314
1 0.5433276874999999 0.12799508333333334 0.05616650000000001 0.012222333333333321
1 0.50532775 0.135884 0.064 0.018221999999999988
0 0.5211194375 0.12143958333333334 0.057166750000000044 0.012666666666666673
0 0.48245275 0.12943958333333333 0.06449974999999997 0.015555333333333324
1 0.46095275 0.12410625 0.06283325000000006 0.015111
1 0.4999944375 0.11543941666666666 0.052666749999999984 0.01222200000000001
1 0.4434110625 0.1189395 0.061333250000000006 0.016
0 0.48245281250000005 0.10993958333333334 0.05149999999999999 0.011999666666666672
0 0.4268694375 0.11416175 0.05783325000000006 0.015333333333333338
1 0.4117026875 0.10982841666666666 0.05433325 0.013999999999999999
0 0.4646194375 0.10488391666666667 0.05083325000000005 0.011555666666666686
1 0.447411125 0.100384 0.046999999999999986 0.012222333333333349
1 0.869185875 0.24847991666666666 0.03366675000000008 0.0333333333333333
1 0.8413109375000001 0.23014658333333335 0.03649999999999998 0.02933333333333335
0 0.814061 0.21231316666666666 0.03700000000000003 0.02733333333333332
1 0.78664425 0.19597991666666667 0.040666749999999974 0.02333366666666667
1 0.7602275625 0.181091 0.04316674999999992 0.02111099999999999
1 0.732378375 0.15090325 0.03699999999999992 0.013444333333333308
0 0.7104825625 0.14051433333333335 0.03983324999999982 0.011555666666666659
1 0.6905659375000001 0.13140316666666665 0.03674999999999995 0.008778000000000008
1 0.6710659375000001 0.12329208333333333 0.03983325000000004 0.008555666666666684
1 0.5815450625 0.10509774999999999 0.044416750000000116 0.00966666666666667
0 0.56539925 0.09962541666666666 0.04124974999999986 0.008444666666666656
1 0.6127534375 0.10237541666666666 0.035666500000000045 0.006666666666666668
0 0.595795125 0.09676433333333333 0.03424975000000008 0.005333333333333329
