0 0.6360235000000001 0.8449748333333333 0.30100000000000005 0.31647800000000004
0 0.5343985 0.7368553333333333 0.2934999999999999 0.32599999999999996
0 0.4641485 0.6235219999999999 0.26350000000000007 0.2659999999999999
0 0.34152350000000004 0.9053081666666666 0.31999999999999995 0.23314466666666678
0 0.24789850000000002 0.7831886666666666 0.26250000000000007 0.29999999999999993
0 0.2186901875 0.6614664166666666 0.22199999999999998 0.24355566666666661
0 0.4107735 0.531022 0.22950000000000004 0.19866666666666666
0 0.370981875 0.46107766666666666 0.20133325000000002 0.15822199999999997
0 0.2003153125 0.5686330833333333 0.18866675000000005 0.1968890000000001
0 0.189231875 0.49818866666666667 0.16399999999999998 0.16088866666666662
0 0.34181525 0.40785525 0.17400000000000004 0.128
0 0.1832319375 0.44241091666666665 0.14600000000000002 0.13555566666666669
0 0.31881525 0.36652199999999996 0.154 0.10577799999999998
0 0.17856525 0.3990775 0.12966650000000002 0.10933333333333334
0 0.3004715 0.3332443333333333 0.13599999999999998 0.08600000000000002
0 0.28556525 0.3067443333333333 0.12237499999999998 0.07616666666666666
0 0.174534 0.366536 0.11925 0.09949999999999998
0 0.17244025 0.33791099999999996 0.10774999999999998 0.08399999999999996
0 0.27381525 0.2851193333333333 0.10950000000000001 0.063
0 0.851133 0.5055916666666667 0.10399999999999998 0.14533333333333337
0 0.7907580000000001 0.449425 0.11049999999999993 0.12499999999999994
0 0.7330705000000001 0.4003416666666667 0.121 0.10399999999999998
0 0.6787580000000001 0.356925 0.12275000000000003 0.08600000000000002
0 0.629133 0.320175 0.12050000000000005 0.07266666666666671
0 0.586633 0.28975833333333334 0.11575000000000002 0.061
0 0.5494663125 0.26511941666666666 0.11000000000000004 0.05088900000000002
0 0.516466375 0.24459166666666665 0.10299999999999998 0.04444433333333331
0 0.487966375 0.227425 0.10033325000000004 0.039555333333333303
0 0.46296625 0.21325833333333333 0.09237500000000004 0.03416666666666668
0 0.4423725 0.20184166666666664 0.08687499999999998 0.031
0 0.42315375 0.19196666666666665 0.08174999999999999 0.028499999999999998
0 0.4067735625 0.18300141666666667 0.074125 0.026360999999999996
0 0.39302875 0.17546666666666666 0.069 0.023833333333333317
0 0.8890320625 0.4193266666666667 0.07083325000000007 0.08844433333333335
0 0.8414070625000001 0.379271 0.07433325000000002 0.07422233333333339
0 0.795032125 0.34343775 0.08150000000000002 0.06533333333333335
0 0.7491570625 0.31127108333333336 0.08650024999999995 0.05555533333333329
0 0.705615375 0.2828820833333333 0.08899999999999997 0.04711099999999996
0 0.66569875 0.25904883333333334 0.08733325000000003 0.03888900000000001
0 0.630844625 0.23840991666666667 0.08083349999999989 0.0336663333333333
0 0.5993236875 0.22021541666666666 0.08066625000000005 0.028889000000000026
0 0.568032125 0.20507658333333334 0.08216675000000007 0.026222333333333347
0 0.930053 0.3215903333333333 0.03487499999999999 0.04066666666666663
0 0.92258425 0.343882 0.04150000000000009 0.05249999999999999
0 0.9002092500000001 0.29879866666666666 0.03925000000000001 0.03816666666666668
0 0.8887404999999999 0.31742366666666666 0.049124999999999974 0.04783333333333334
0 0.8537405 0.2926736666666666 0.0525000000000001 0.042833333333333334
0 0.86914675 0.277132 0.04425000000000001 0.03250000000000003
0 0.838303 0.2569653333333333 0.04574999999999996 0.029333333333333322
0 0.81914675 0.2702153333333333 0.05587500000000001 0.03816666666666663
0 0.80802175 0.23854866666666666 0.04774999999999996 0.025000000000000022
0 0.785803 0.2490903333333333 0.059125000000000094 0.03316666666666665
0 0.7791155 0.22188199999999997 0.047374999999999945 0.02149999999999999
0 0.754428 0.23054866666666665 0.05974999999999997 0.02833333333333332
0 0.75202175 0.206507 0.049250000000000016 0.01983333333333334
0 0.7241155 0.21429866666666664 0.06325000000000003 0.026999999999999996
0 0.6948655 0.19942366666666667 0.06300000000000006 0.022166666666666668
0 0.72552175 0.19267366666666666 0.05162499999999992 0.016666666666666663
0 0.6687405 0.18634033333333333 0.062000000000000055 0.01949999999999999
0 0.7008030000000001 0.1807153333333333 0.051000000000000045 0.014666666666666661
0 0.6768445000000001 0.16967366666666667 0.05512499999999998 0.013999999999999985
0 0.6433132500000001 0.17504866666666666 0.060250000000000026 0.017833333333333312
0 0.6184382500000001 0.16492366666666666 0.057374999999999954 0.015499999999999986
0 0.651032 0.160007 0.058499999999999996 0.011833333333333335
0 0.59568825 0.15654866666666667 0.05600000000000005 0.013833333333333336
0 0.62556325 0.15159033333333333 0.04937500000000006 0.010833333333333334
0 0.94443225 0.27813566666666667 0.024624999999999897 0.026500000000000024
0 0.9407135 0.28926066666666667 0.02862500000000001 0.030166666666666675
0 0.922026 0.2616773333333333 0.02662500000000001 0.024333333333333318
0 0.916276 0.27142733333333335 0.031500000000000083 0.028666666666666674
0 0.89955725 0.24630233333333335 0.029249999999999998 0.019999999999999962
0 0.8919634999999999 0.25421900000000003 0.03374999999999995 0.02516666666666667
0 0.87636975 0.23267733333333335 0.03199999999999992 0.01883333333333334
0 0.866401 0.23909400000000003 0.03737500000000005 0.021833333333333343
0 0.8410884999999999 0.22480233333333335 0.037125000000000075 0.019500000000000017
0 0.85386975 0.21976066666666666 0.03275000000000006 0.016166666666666663
0 0.8181197499999999 0.21021900000000002 0.038125000000000075 0.01899999999999999
0 0.832151 0.206469 0.034500000000000086 0.015833333333333338
0 0.7965036875 0.19722299999999998 0.03766675000000008 0.015332999999999986
0 0.8125453125 0.19444516666666667 0.03158349999999999 0.012555666666666687
0 0.7748370625 0.18563966666666665 0.042666749999999976 0.014222333333333337
0 0.792712 0.18344516666666666 0.03658325000000007 0.012333333333333335
