0 0.4931295 0.658939 0.293 0.27
0 0.7330045000000001 0.7897723333333333 0.25649999999999995 0.24
0 0.3532545 0.5002723333333333 0.1855 0.24600000000000005
0 0.2779211875 0.45255008333333335 0.169 0.2106666666666666
0 0.2198794375 0.4135499166666667 0.14433325000000002 0.17600000000000005
0 0.1773795 0.38388325 0.12833325 0.147111
0 0.0886355 0.8272492499999999 0.1465515 0.26781599999999994
0 0.02409025 0.396426 0.048999999999999995 0.05833333333333335
0 0.10803906249999999 0.34277841666666664 0.09054525000000001 0.09966666666666668
0 0.9524735625 0.8935119166666667 0.09957100000000008 0.14538166666666663
