0 0.1293115625 0.4328895833333333 0.1086665 0.07911099999999999
0 0.1959783125 0.4271115833333333 0.11466675000000001 0.08400000000000002
0 0.2738950625 0.42222275 0.12666675000000002 0.08666666666666667
0 0.3685616875 0.41622275 0.12999999999999995 0.091111
0 0.47431168749999997 0.41333391666666663 0.12100000000000005 0.08933333333333332
0 0.580395 0.4128895 0.10999999999999999 0.087111
0 0.766228375 0.40888941666666667 0.2646665 0.11333333333333334
0 0.867561625 0.4161115833333333 0.21500000000000008 0.10933333333333334
0 0.9358170625 0.41766716666666664 0.15002174999999995 0.09688866666666668
0 0.7688478125 0.6386459166666667 0.2186745000000001 0.11807233333333333
0 0.9227664999999999 0.6152415 0.14939775 0.09763299999999997
