0 0.2748296875 0.7071509166666667 0.20431325 0.2962543333333333
1 0.38209424999999997 0.76135075 0.21112375 0.34392733333333336
0 0.887407875 0.4931781666666667 0.0566667500000001 0.13599999999999995
1 0.9377411874999999 0.5385114166666667 0.051666750000000095 0.1435556666666667
1 0.6784078124999999 0.3768448333333333 0.07666649999999997 0.1288886666666667
0 0.6096578125 0.34695591666666664 0.08600000000000008 0.11911133333333335
1 0.541407875 0.32173375000000004 0.09866650000000005 0.10799999999999998
0 0.4762411875 0.3004003333333333 0.1066665 0.09777799999999998
0 0.72355925 0.27679425 0.0888334999999999 0.05311100000000002
1 0.687476 0.24618325 0.09033349999999996 0.04422200000000004
1 0.652726 0.21884983333333333 0.08966675000000002 0.03911133333333333
0 0.6215176250000001 0.19590549999999998 0.08616675000000007 0.030222000000000027
1 0.590476 0.1749055 0.08666675000000001 0.029777666666666674
0 0.562142625 0.15629425 0.07350000000000001 0.02377766666666667
1 0.5393093125 0.14168324999999998 0.06833349999999994 0.022222333333333344
0 0.519601 0.12923883333333333 0.06583349999999999 0.018888666666666665
1 0.5014343125 0.11829433333333333 0.064 0.017555666666666678
0 0.485351 0.108461 0.06116650000000007 0.016000333333333353
1 0.471017625 0.099961 0.06016650000000007 0.015555666666666676
0 0.45864275 0.09257216666666666 0.057499999999999996 0.014443999999999999
1 0.447267625 0.08585000000000001 0.05633325 0.01377766666666666
1 0.4364759375 0.08007208333333334 0.053666749999999985 0.011999999999999983
1 0.426434375 0.07512766666666668 0.05349999999999999 0.011777999999999997
0 0.4161219375 0.07051666666666667 0.049250000000000016 0.011444333333333334
1 0.4062676875 0.06640541666666668 0.04516675000000003 0.010444333333333333
1 0.3975593125 0.06273875000000001 0.042166749999999975 0.00922233333333334
1 0.0860735 0.23591416666666667 0.065 0.04133333333333336
1 0.070281875 0.23441416666666665 0.05983324999999999 0.039555333333333303
0 0.056906875 0.233303 0.05566675 0.03733333333333333
1 0.1033235 0.23719183333333332 0.07016674999999999 0.044221999999999956
0 0.12349025 0.23852525 0.07666675 0.04755533333333328
1 0.1469485 0.24069183333333333 0.08299999999999998 0.04977800000000002
1 0.1722401875 0.24308066666666667 0.08516674999999999 0.053333333333333344
1 0.1977818125 0.24569191666666668 0.08716675000000002 0.05688900000000002
0 0.23015687499999998 0.24958083333333334 0.09483350000000002 0.06044433333333335
0 0.35249018750000005 0.15135858333333335 0.0685 0.027111000000000024
1 0.3220735 0.14963633333333334 0.06666675000000005 0.02711133333333332
1 0.29424025 0.14835858333333335 0.06783325000000007 0.027110999999999996
1 0.33103174999999996 0.12524733333333335 0.057666499999999954 0.02066666666666668
0 0.261044 0.12406466666666667 0.055749999999999966 0.02083333333333333
1 0.23973150000000001 0.12464800000000001 0.05337499999999998 0.020000000000000004
1 0.22220025000000002 0.14706466666666668 0.0625 0.027500000000000024
1 0.20188775 0.14743966666666666 0.06262499999999999 0.028000000000000025
0 0.1821065 0.14852300000000002 0.0605 0.026999999999999996
1 0.22020025000000001 0.125273 0.05587500000000001 0.021666666666666667
1 0.164669 0.14931466666666665 0.05399999999999999 0.026999999999999996
1 0.20266900000000002 0.125898 0.053125000000000006 0.021000000000000005
1 0.1493565 0.15052300000000002 0.05312500000000002 0.026666666666666672
1 0.186278375 0.12698133333333333 0.051375000000000004 0.02233333333333333
0 0.13463775 0.15210633333333334 0.05100000000000002 0.02583333333333332
1 0.16945025000000002 0.12923133333333334 0.047875 0.023000000000000007
1 0.12051275 0.153523 0.04825000000000003 0.025833333333333347
0 0.15307525000000002 0.13181466666666666 0.046125 0.021166666666666667
1 0.10770025 0.155523 0.047875 0.027499999999999997
1 0.13835650000000002 0.133898 0.03887500000000002 0.02083333333333333
