1 0.3715725625 0.9223118333333333 0.29516125 0.22258066666666676
0 0.255040375 0.8231183333333333 0.26370974999999997 0.34193566666666664
0 0.1967741875 0.7018818333333333 0.22258075000000002 0.30537633333333336
1 0.15987893749999998 0.6034945833333333 0.1935485 0.24623633333333322
1 0.631451625 0.8217741666666667 0.262903 0.3580646666666667
1 0.5252015624999999 0.7174730833333334 0.27177400000000007 0.3580646666666666
1 0.4385080625 0.6139785 0.25241924999999993 0.30322566666666667
1 0.37096775000000004 0.5239247499999999 0.22500000000000003 0.2483873333333333
1 0.318951625 0.4537635 0.19919350000000002 0.19569899999999996
1 0.74415325 0.9096774166666667 0.18629050000000014 0.2559140000000001
1 0.2782421875 0.3980669166666667 0.17566649999999998 0.167111
1 0.24782549999999998 0.3547335 0.15533349999999999 0.13911099999999998
1 0.1341588125 0.5280669166666667 0.1636665 0.21377800000000002
1 0.1183255 0.46651133333333333 0.14633325 0.17688866666666664
1 0.1062421875 0.41795583333333336 0.12933325 0.15199999999999997
1 0.224992125 0.31973358333333335 0.13899999999999998 0.12044433333333332
1 0.0983255 0.3767335833333333 0.11466649999999999 0.12888866666666665
1 0.2067421875 0.2919558333333333 0.12399999999999997 0.10133333333333333
1 0.1913255 0.26995575 0.11466649999999998 0.09155566666666667
1 0.1787421875 0.24973358333333334 0.10366675 0.07955566666666666
1 0.0923255625 0.34440033333333336 0.10300000000000001 0.10799999999999998
1 0.0876588125 0.3180669166666667 0.0936665 0.09822233333333336
0 0.083940125 0.29415025 0.085 0.08944466666666667
1 0.0816171875 0.27465033333333333 0.079125 0.07777766666666666
1 0.076961 0.249567 0.07150000000000001 0.0665
1 0.07930475 0.261192 0.074125 0.06816666666666665
1 0.16849225 0.23277533333333333 0.09437500000000003 0.06966666666666665
1 0.160336 0.21860866666666667 0.08862500000000002 0.0633333333333333
1 0.15314850000000002 0.20798366666666668 0.08012500000000002 0.057999999999999996
1 0.9348462500000001 0.5343446666666667 0.06424999999999992 0.19033333333333335
1 0.87553375 0.476428 0.08050000000000002 0.17633333333333334
1 0.8118462500000001 0.41917800000000005 0.09675 0.15766666666666668
1 0.7469087500000001 0.3670946666666667 0.11199999999999999 0.13666666666666671
1 0.68397125 0.32076133333333334 0.11974999999999991 0.1163333333333334
1 0.62534625 0.28151133333333334 0.12649999999999995 0.10066666666666665
1 0.57159625 0.24801133333333333 0.12750000000000006 0.08566666666666667
1 0.52353375 0.221428 0.1265 0.07333333333333333
1 0.48159625 0.199178 0.12175000000000008 0.06466666666666668
1 0.44503375 0.18176133333333333 0.11349999999999999 0.05733333333333332
0 0.41278375 0.167428 0.10700000000000004 0.05233333333333334
1 0.38565875 0.15509466666666666 0.09949999999999998 0.048000000000000015
1 0.36215875 0.14559466666666665 0.09349999999999997 0.04400000000000001
1 0.34265875 0.136678 0.08575000000000005 0.04033333333333332
1 0.93797125 0.4272613333333334 0.052000000000000046 0.12366666666666665
1 0.88909625 0.381678 0.05999999999999994 0.1186666666666667
1 0.8374712500000001 0.33701133333333333 0.07075000000000009 0.10366666666666668
1 0.7842212500000001 0.2972613333333333 0.08250000000000002 0.09200000000000008
1 0.7321587500000001 0.2605113333333333 0.08949999999999991 0.07799999999999999
1 0.6830337500000001 0.23009466666666667 0.09275 0.06766666666666668
1 0.6358462500000001 0.20376133333333332 0.09725000000000006 0.057999999999999996
1 0.5927212500000001 0.181178 0.09924999999999995 0.049666666666666665
1 0.55247125 0.163178 0.09825000000000006 0.04466666666666666
1 0.51572125 0.14759466666666665 0.09700000000000003 0.04000000000000001
1 0.48128375 0.13509466666666667 0.09225000000000005 0.039333333333333345
1 0.45203375 0.12351133333333333 0.08449999999999996 0.03533333333333333
1 0.42872125 0.115678 0.08174999999999999 0.031666666666666676
1 0.939048375 0.3080113333333333 0.03699999999999992 0.06355566666666668
1 0.903798375 0.277678 0.040666749999999974 0.06266666666666665
1 0.8681316875 0.24834466666666666 0.04466674999999998 0.053333333333333316
1 0.8320484375 0.22234458333333332 0.049333250000000106 0.04666666666666666
0 0.7957150625 0.19812233333333332 0.05433325000000011 0.04000000000000001
