0 0.14393 0.7062383333333333 0.21100000000000002 0.15333333333333332
1 0.1887425 0.587155 0.20899999999999996 0.13833333333333342
0 0.2308675 0.49023833333333333 0.18774999999999997 0.1226666666666667
1 0.26621125 0.41461333333333333 0.172375 0.09616666666666668
0 0.2968675 0.35682166666666665 0.159 0.08499999999999996
0 0.32255500000000004 0.31015499999999996 0.13324999999999998 0.06166666666666665
0 0.45619224999999997 0.23938133333333333 0.12149999999999989 0.051833333333333315
1 0.5233797499999999 0.244548 0.12337499999999996 0.057499999999999996
1 0.5835984999999999 0.25175633333333336 0.130625 0.063
1 0.64225475 0.26108966666666666 0.13537500000000002 0.06933333333333333
1 0.6996609999999999 0.2729646666666667 0.13612500000000005 0.07433333333333333
1 0.7519735 0.2862146666666667 0.13237500000000002 0.07816666666666666
1 0.7994735 0.300173 0.12775000000000003 0.08050000000000002
0 0.7703625 0.5122576666666666 0.12850000000000006 0.16633333333333333
0 0.7443 0.4066743333333333 0.11175000000000002 0.11733333333333335
0 0.8196749999999999 0.42525766666666664 0.09275 0.11433333333333329
1 0.8841749999999999 0.43900766666666663 0.07025000000000003 0.10833333333333334
1 0.8554875 0.5245909999999999 0.09450000000000003 0.15333333333333327
1 0.9233625 0.5369243333333333 0.06975000000000009 0.14400000000000002
1 0.93655 0.45117433333333334 0.04949999999999999 0.10233333333333339
1 0.9767770625000001 0.543184 0.05104724999999999 0.13
0 0.97957775 0.464684 0.040750000000000064 0.09766666666666668
1 0.6631764375 0.90106575 0.3337349999999999 0.21272800000000003
0 0.827032 0.8916895833333334 0.3283132500000001 0.21686766666666668
1 0.933414 0.8547418333333334 0.18215475000000003 0.22730933333333336
