0 0.7034608125 0.41072575 0.12566650000000001 0.22469733333333336
0 0.7832223125 0.490984 0.11062450000000001 0.25728133333333336
0 0.8610335625 0.57585325 0.09369749999999999 0.2823693333333332
0 0.6265816875 0.34025658333333336 0.13658325000000004 0.18484266666666666
0 0.5566489375 0.28372425 0.13948100000000002 0.15207233333333334
0 0.4952279375 0.24067958333333334 0.12821899999999997 0.12459899999999996
0 0.444451375 0.20711466666666667 0.12458324999999998 0.10216666666666666
0 0.40155562499999997 0.18084058333333333 0.12052074999999995 0.08549999999999999
0 0.36762849999999997 0.161351 0.10874999999999996 0.06866666666666668
0 0.35774025 0.6998705000000001 0.22951950000000004 0.3214326666666667
0 0.25059125 0.48733791666666665 0.17326725000000004 0.26695933333333327
0 0.1878284375 0.34106441666666665 0.10331725000000003 0.14278533333333332
