0 0.7157640625 0.5181917500000001 0.15316675000000002 0.1497776666666666
0 0.633889125 0.4733029166666667 0.13150000000000006 0.11533333333333329
0 0.5723891249999999 0.4425806666666667 0.13449999999999995 0.09777799999999998
0 0.5156390625 0.41508066666666665 0.12733349999999993 0.08577800000000002
0 0.4699724375 0.3948585 0.10866649999999994 0.06644433333333333
1 0.36455574999999996 0.3484696666666667 0.09287499999999999 0.04883333333333334
1 0.341962 0.339803 0.08550000000000002 0.04500000000000004
1 0.322837 0.33213633333333337 0.07974999999999999 0.04150000000000004
1 0.306212 0.32584466666666667 0.07437499999999997 0.038500000000000034
0 0.29105575 0.3200113333333333 0.06912499999999999 0.03650000000000003
0 0.363102375 0.6939453333333333 0.21265050000000002 0.1381526666666666
0 0.30941725000000003 0.6092476666666666 0.18425000000000002 0.11066666666666669
0 0.26935475000000003 0.5452476666666667 0.14825000000000002 0.08866666666666667
0 0.23997975000000002 0.4989143333333333 0.12625000000000006 0.06766666666666671
0 0.21897975 0.46452533333333335 0.10575000000000004 0.0566666666666667
