0 0.063709625 0.6252688333333334 0.130645 0.24193566666666666
0 0.1280241875 0.6637098333333333 0.15322575000000002 0.2612903333333333
0 0.2072580625 0.7029569166666667 0.16290325 0.2623656666666666
0 0.32096775 0.7580644166666667 0.19596775 0.3301073333333334
0 0.4407258125 0.7954300833333333 0.14919375 0.32903233333333337
0 0.5413305625 0.8166666666666667 0.11451624999999999 0.3161289999999999
0 0.653427375 0.8282258333333333 0.13951599999999997 0.3032256666666667
0 0.7768145 0.8298386666666667 0.13306475000000006 0.27741933333333335
0 0.87358875 0.8193549166666667 0.10725799999999996 0.2483869999999999
0 0.9463709375 0.8077956666666667 0.09919349999999993 0.20430133333333333
0 0.24965587500000003 0.2568925 0.08933325000000003 0.06977766666666671
0 0.316239375 0.2598925833333333 0.10566650000000005 0.07599999999999998
0 0.3818225625 0.2664479166666667 0.08600000000000002 0.0826666666666667
0 0.48590593749999994 0.27967016666666666 0.08233349999999989 0.09733333333333333
0 0.5564892499999999 0.2915591666666667 0.06900000000000006 0.09777799999999998
0 0.6179058749999999 0.30467025000000003 0.06066649999999996 0.10044466666666668
0 0.67498925 0.31778133333333336 0.06333325000000012 0.09866666666666662
0 0.762072625 0.33622583333333333 0.07699999999999996 0.09599966666666665
0 0.8118226249999999 0.35478133333333334 0.06900000000000006 0.09422199999999997
0 0.85773925 0.3737814166666667 0.06633325000000001 0.09022233333333335
0 0.904405875 0.39222575 0.07366649999999997 0.0937776666666667
0 0.95048925 0.41267025 0.06333349999999993 0.08666666666666667
