0 0.74430325 0.8471095000000001 0.1835 0.325854
0 0.85255325 0.878073 0.127 0.27118733333333334
0 0.9379282500000001 0.9034063333333333 0.09300000000000008 0.21518733333333329
0 0.93830325 0.709146 0.08099999999999996 0.23199999999999998
0 0.86730325 0.6613126666666667 0.08350000000000002 0.2433333333333333
0 0.78567825 0.6089793333333333 0.10250000000000004 0.23133333333333328
0 0.62605325 0.7909793333333334 0.21950000000000003 0.3826666666666666
0 0.5141782500000001 0.7093126666666667 0.23900000000000005 0.3466666666666667
0 0.6996782500000001 0.5569793333333334 0.13050000000000006 0.21933333333333332
0 0.6129282500000001 0.5051460000000001 0.15149999999999997 0.1966666666666667
0 0.53142825 0.4583126666666667 0.16400000000000003 0.16666666666666663
0 0.41680325 0.6309793333333333 0.2320000000000001 0.298
0 0.33992825 0.562646 0.21150000000000002 0.24466666666666664
0 0.459700875 0.4184793333333333 0.16199999999999998 0.14044433333333328
0 0.3997841875 0.38492375 0.15233325000000003 0.12266666666666665
0 0.2808675625 0.5073681666666667 0.19033325 0.2008890000000001
0 0.9458065 0.460578 0.06399999999999995 0.10966666666666669
0 0.9009940000000001 0.4301613333333333 0.061999999999999944 0.10900000000000004
0 0.853869 0.39849466666666666 0.058499999999999996 0.10266666666666668
0 0.803369 0.367828 0.05600000000000005 0.08999999999999997
0 0.751994 0.339578 0.06325000000000003 0.08233333333333331
0 0.6990565000000001 0.31399466666666664 0.07250000000000001 0.0746666666666666
0 0.23542899999999997 0.462579 0.16899999999999996 0.16666666666666669
0 0.350554 0.35841233333333333 0.14650000000000002 0.10533333333333339
0 0.30884568749999997 0.33630125 0.13633325 0.09066666666666667
0 0.2003665 0.4276345833333333 0.14924999999999997 0.143111
0 0.17230399999999998 0.39985666666666664 0.134 0.12355566666666667
0 0.2733039375 0.31819 0.12333325000000003 0.07866666666666661
0 0.151220625 0.37896775 0.1193335 0.10666666666666669
0 0.1338039375 0.35974558333333334 0.11 0.09466666666666673
0 0.22113725 0.2936345 0.09999999999999995 0.06488899999999997
0 0.2441373125 0.3049678333333333 0.10766675000000003 0.07066633333333333
0 0.200095625 0.28419 0.09366649999999999 0.0586666666666667
0 0.1197205625 0.34424550000000004 0.10016674999999998 0.08066666666666666
0 0.107470625 0.3318011666666667 0.09266649999999998 0.07822233333333334
0 0.1826371875 0.27585675 0.086 0.05511099999999999
0 0.16838725 0.26852333333333334 0.0813335 0.05111133333333337
0 0.0968455625 0.32113441666666664 0.08466675000000001 0.07066666666666666
0 0.08813725 0.31163450000000004 0.07949999999999999 0.064
0 0.0800955625 0.30296775 0.0741665 0.05977766666666673
0 0.1563455 0.26268991666666663 0.07833325 0.04799999999999999
0 0.14488725 0.25707891666666666 0.07466675 0.04444433333333336
