0 0.5993408124999999 0.7809165 0.299435 0.3967356666666667
0 0.8411016874999999 0.6431261666666667 0.1967985 0.28876333333333337
0 0.411252375 0.52165725 0.22316374999999988 0.30131800000000003
0 0.6659604375 0.4453860833333333 0.2212805000000001 0.247332
0 0.29284375 0.3411801666666667 0.13841825000000002 0.18330199999999996
0 0.19948612500000001 0.19321075 0.06033324999999998 0.0715553333333333
0 0.2319861875 0.24398858333333331 0.08399999999999994 0.09733333333333333
0 0.509486125 0.29232183333333334 0.18133325 0.155111
0 0.4007361875 0.20021083333333334 0.12866650000000007 0.09377766666666665
0 0.33040281250000003 0.14721066666666666 0.09166649999999998 0.062667
0 0.2847986875 0.11511358333333334 0.069 0.04394433333333332
0 0.25266325 0.09383566666666666 0.05500000000000002 0.033666666666666664
0 0.22972575 0.07871066666666666 0.04500000000000001 0.02866666666666666
0 0.2123195 0.067169 0.037500000000000006 0.022833333333333337
0 0.1983195 0.058669 0.032375000000000015 0.01800000000000001
0 0.18672575 0.052544 0.026999999999999996 0.01633333333333333
