0 0.0754354375 0.806524 0.09533325 0.2688886666666668
0 0.1642686875 0.757524 0.11099999999999999 0.27022233333333345
0 0.2604354375 0.70274625 0.14300000000000002 0.2684443333333334
0 0.36035206249999996 0.6427462500000001 0.16366675000000003 0.24622200000000005
0 0.45443543750000004 0.5831905833333333 0.17666675000000004 0.21644433333333346
0 0.5366854375 0.52930175 0.1749997499999999 0.18622233333333332
0 0.6063520625000001 0.4829685 0.16166649999999994 0.15511133333333338
0 0.66101875 0.44663508333333335 0.1513335 0.12488900000000008
0 0.704352125 0.41674625 0.14100000000000001 0.11022233333333342
0 0.05133125 0.49824633333333335 0.06225 0.10966666666666669
0 0.10020625 0.46799633333333335 0.06425000000000002 0.10633333333333328
0 0.15339375 0.43674633333333335 0.05725000000000001 0.10333333333333333
0 0.20970625 0.4053296666666667 0.064 0.09300000000000003
0 0.26708125 0.377163 0.07175000000000001 0.08499999999999996
0 0.32389375000000004 0.3508296666666667 0.08174999999999999 0.07833333333333331
0 0.37864375 0.32766300000000004 0.08499999999999996 0.068
0 0.43026875 0.308663 0.08899999999999997 0.06066666666666665
0 0.47808125 0.29249633333333336 0.08975 0.05466666666666664
0 0.52126875 0.27857966666666667 0.09075 0.05099999999999999
0 0.076334875 0.4046706666666667 0.052 0.07111099999999998
0 0.037584875 0.4291706666666667 0.055999999999999994 0.07533299999999998
0 0.11754312500000001 0.3793929166666667 0.05350000000000002 0.06911099999999998
0 0.1609181875 0.3556151666666667 0.04733324999999999 0.061778000000000055
0 0.2057931875 0.33322625 0.049833249999999996 0.05955566666666673
0 0.25108481250000003 0.3118373333333333 0.05016675000000004 0.052222000000000046
0 0.2960015 0.29267066666666663 0.059166499999999955 0.04799999999999999
0 0.340334875 0.27505941666666667 0.062 0.042222333333333306
0 0.3826681875 0.26033741666666665 0.06816674999999994 0.038000000000000006
0 0.42341818750000004 0.24744841666666667 0.0675 0.033777999999999975
0 0.4608348125 0.23655958333333332 0.06933349999999999 0.03133333333333335
0 0.32423625 0.94881 0.18099999999999997 0.13871333333333324
0 0.6019862500000001 0.844215 0.24750000000000005 0.3080466666666666
0 0.6975695625 0.7550366666666667 0.21299999999999997 0.29088900000000006
0 0.76054875 0.6735366666666667 0.18574999999999997 0.2366666666666667
0 0.8066946875 0.6086200833333333 0.16466674999999997 0.18622233333333338
0 0.8424030625 0.5581756666666666 0.13966674999999995 0.14977766666666675
0 0.07810775 0.3307406666666667 0.041249999999999995 0.04716666666666669
0 0.04854525 0.348824 0.041374999999999995 0.04899999999999999
0 0.020776125 0.36703233333333335 0.0414515 0.05066666666666664
