0 0.58023725 0.7407155 0.25837049999999995 0.3509849999999999
0 0.4196990625 0.5105086666666666 0.19850949999999995 0.27130133333333334
0 0.7256486875 0.9349324999999999 0.22503799999999985 0.18081366666666665
0 0.907521 0.7057536666666666 0.19194299999999997 0.296381
0 0.7392146875000001 0.5129225 0.22263024999999992 0.268437
0 0.57446425 0.3513030833333333 0.1946715 0.18426900000000002
0 0.31433774999999997 0.35020675 0.13165174999999996 0.16559400000000002
0 0.25547668749999997 0.26126308333333337 0.08374974999999996 0.09602766666666665
0 0.2235204375 0.21252466666666664 0.05789600000000003 0.0645
0 0.346240375 0.17327066666666666 0.08796799999999994 0.062444666666666676
0 0.3038119375 0.14217275000000001 0.06074999999999997 0.046014
