1 0.0970545 0.7345123333333333 0.10200000000000001 0.2686666666666666
0 0.1870545 0.7068456666666667 0.10750000000000001 0.2806666666666666
0 0.29217950000000004 0.6730123333333333 0.126 0.2819999999999999
0 0.40355450000000004 0.6340123333333333 0.16099999999999998 0.2733333333333333
0 0.5108045 0.5926234166666666 0.17599999999999993 0.2479999999999999
0 0.605887875 0.5540123333333333 0.17866649999999984 0.22000000000000003
0 0.6826378125 0.52029 0.1623332500000001 0.1955553333333333
0 0.740721125 0.4918455 0.15000000000000002 0.17111133333333328
1 0.78688775 0.4691788333333333 0.13766650000000002 0.14488900000000005
0 0.8239710625 0.4517345 0.12333324999999995 0.12711099999999992
0 0.637865 0.8940081666666666 0.24772725 0.21640666666666664
0 0.8280165 0.7353609999999999 0.15530299999999997 0.2010103333333334
0 0.9363498125 0.6065731666666667 0.10075774999999998 0.13434366666666664
0 0.977025625 0.5495025 0.059672999999999976 0.10707066666666659
0 0.8872965 0.4024493333333333 0.06600000000000006 0.0782223333333334
