0 0.108282 0.5420463333333333 0.09966675 0.1933333333333333
0 0.13794862500000002 0.4110463333333333 0.08400000000000003 0.12222199999999994
0 0.1963653125 0.3848241666666667 0.0766665 0.1213333333333333
0 0.179782 0.511713 0.09166650000000001 0.19199966666666674
0 0.2582819375 0.4806018333333333 0.09199999999999997 0.18755566666666662
0 0.259615375 0.35893525 0.07200000000000001 0.11244433333333331
0 0.3426986875 0.4490463333333333 0.10966675000000004 0.1773333333333333
0 0.427365375 0.4191575 0.13166649999999996 0.16400000000000003
0 0.325782 0.33560191666666667 0.07566649999999997 0.100889
0 0.391865375 0.3148241666666667 0.09166675000000002 0.09377766666666665
0 0.454948625 0.296713 0.09966674999999997 0.08400000000000002
0 0.507365375 0.39182408333333335 0.13966675 0.14755566666666664
0 0.5786986875 0.37037966666666666 0.1433335 0.13022233333333333
0 0.5153653125 0.28293525 0.10833349999999997 0.07644433333333334
0 0.569990375 0.27149066666666666 0.10833325000000005 0.06844433333333333
0 0.6398653125 0.3528240833333333 0.13666675000000006 0.11866633333333337
0 0.6909069999999999 0.33943524999999997 0.13349999999999995 0.10711099999999996
0 0.6169069375 0.26343516666666666 0.10733324999999994 0.06355566666666668
0 0.6598653125 0.25782408333333334 0.10466674999999992 0.05999999999999997
0 0.734573625 0.3286018333333333 0.12516649999999996 0.097111
0 0.770907 0.3203796666666667 0.11599999999999999 0.08933333333333338
0 0.8022403124999999 0.3136575 0.10816674999999998 0.08222199999999996
0 0.8284069374999999 0.30815750000000003 0.09783350000000002 0.07800000000000001
0 0.6969904375 0.25360191666666665 0.09999999999999998 0.05533333333333332
0 0.728990375 0.2503795833333333 0.09683350000000013 0.05333366666666667
0 0.7571986875000001 0.24726858333333335 0.09016675000000007 0.05199999999999999
0 0.7821570625 0.24504625 0.08650000000000002 0.05022233333333331
0 0.8498236875 0.3034908333333334 0.09366675000000002 0.07244433333333333
0 0.870073625 0.2999908333333333 0.08666649999999998 0.06755533333333336
0 0.806532 0.24349074999999998 0.08333324999999991 0.048666666666666636
0 0.827198625 0.2431575 0.07166675 0.04777766666666666
0 0.886865375 0.29737966666666665 0.07783350000000011 0.06311099999999997
0 0.481115375 0.17785625 0.059999750000000074 0.03533333333333333
0 0.516323625 0.17230075 0.05816674999999999 0.030666666666666703
0 0.548990375 0.16902291666666666 0.06466649999999996 0.028444666666666646
0 0.5814904375000001 0.16696725 0.06800000000000006 0.028666666666666674
0 0.6121153125000001 0.16530075 0.06716675000000016 0.02733333333333332
0 0.639823625 0.16441175000000002 0.0658335000000001 0.02622233333333332
0 0.6660320625 0.16446733333333335 0.06433325000000001 0.02622233333333332
0 0.690615375 0.165523 0.0631664999999999 0.02733333333333332
