0 0.3822455 0.30256758333333333 0.06733325000000007 0.055999999999999994
0 0.447578875 0.30645649999999997 0.05399999999999999 0.05511100000000002
0 0.5094955624999999 0.31156758333333334 0.05066675000000004 0.05066666666666664
0 0.5757871875 0.31778991666666667 0.04766674999999998 0.053332999999999964
0 0.6264954375 0.3257899166666667 0.05233325000000011 0.05111133333333334
0 0.6781621875 0.33412316666666664 0.06133325000000012 0.05066666666666664
0 0.7248385625 0.3434895 0.06575000000000009 0.06
0 0.25112525 0.6635545833333333 0.14621225000000004 0.2414139999999999
0 0.370064625 0.6822414166666666 0.11287874999999997 0.2585856666666666
0 0.5191176875 0.6645646666666667 0.11590924999999996 0.2707069999999999
0 0.6499888125 0.6496655833333334 0.13484849999999993 0.2494953333333334
0 0.7545335 0.6475336666666667 0.12449999999999994 0.21200000000000008
0 0.956241875 0.5208115833333333 0.07299999999999995 0.09244433333333335
1 0.9344919375 0.5248115833333333 0.07649974999999998 0.09622200000000003
1 0.90895025 0.5292560000000001 0.07850000000000001 0.099111
1 0.876533625 0.5333115833333333 0.08016650000000003 0.10199966666666666
0 0.7646795 0.35289499999999996 0.06899999999999995 0.063
0 0.7984085 0.35889499999999996 0.07024999999999992 0.061
0 0.335471 0.28756166666666666 0.06274999999999997 0.05399999999999999
0 0.157779 0.633744 0.151 0.22199999999999998
0 0.2323415 0.2654106666666667 0.07325000000000001 0.044999999999999984
0 0.19918524999999998 0.262494 0.07012499999999999 0.043333333333333335
1 0.8262285 0.6290656666666666 0.11750000000000005 0.19533333333333336
