1 0.7079532500000001 0.5796159999999999 0.10533349999999997 0.2075556666666667
1 0.616786625 0.543616 0.13233324999999996 0.19555566666666657
1 0.5288700000000001 0.50883825 0.14299999999999996 0.176
0 0.4513699375 0.47828275000000003 0.14633324999999997 0.1564443333333333
1 0.3638699375 0.44217158333333334 0.13966675 0.12355566666666662
0 0.263628 0.844295 0.204217 0.27389566666666665
0 0.31377225 0.42448433333333335 0.12524999999999997 0.10966666666666669
0 0.27420975000000003 0.410401 0.10899999999999999 0.09633333333333333
0 0.24208475000000002 0.39998433333333333 0.09849999999999995 0.08833333333333332
0 0.21552225 0.39165099999999997 0.09224999999999997 0.08233333333333337
0 0.122810875 0.43371841666666666 0.054833249999999986 0.04133333333333333
