1 0.654825125 0.4995596666666667 0.15433324999999998 0.17822233333333326
1 0.7287209375 0.4821708333333333 0.15583324999999992 0.16111133333333322
1 0.7907833750000001 0.46767075 0.14383349999999995 0.1431113333333333
1 0.8389084375 0.45639300000000005 0.13016649999999996 0.13
1 0.878033375 0.44622633333333334 0.12333349999999998 0.11844433333333332
1 0.56611675 0.5199484999999999 0.15583349999999996 0.19511133333333336
1 0.4607418125 0.5428374166666666 0.13933325000000002 0.20955566666666658
0 0.3554916875 0.5642262499999999 0.11299999999999999 0.21066666666666667
1 0.2608250625 0.58067075 0.11966675000000002 0.20577766666666675
1 0.175575125 0.5944485 0.12399999999999999 0.19911133333333342
1 0.10365843749999999 0.60667075 0.12166650000000001 0.18800000000000017
1 0.9118667500000001 0.4378375 0.11233325000000005 0.10688900000000001
1 0.9385751250000001 0.43172641666666667 0.10016650000000005 0.09866666666666668
1 0.9592855 0.42411516666666665 0.08700825000000001 0.0922223333333334
1 0.97261675 0.41292066666666666 0.06375000000000008 0.07500000000000001
1 0.981170875 0.40174008333333333 0.04554999999999998 0.05349999999999999
1 0.1570685 0.4571166666666666 0.1075 0.13433333333333336
1 0.21869349999999999 0.4412833333333333 0.10299999999999998 0.1343333333333333
1 0.2868601875 0.426089 0.09516675 0.13222233333333333
1 0.35998518749999997 0.41097791666666666 0.08366649999999998 0.12777766666666668
1 0.4387768125 0.3959778333333333 0.09766649999999999 0.12222233333333338
1 0.5192768125 0.38242233333333336 0.11399999999999999 0.11222233333333331
1 0.590860125 0.37247791666666663 0.11599999999999999 0.10177799999999998
1 0.6543185625 0.3653668333333333 0.12349999999999994 0.09555533333333333
1 0.7118601874999999 0.35988074999999997 0.1209167499999999 0.08761100000000005
1 0.759485125 0.35675566666666664 0.11083349999999992 0.08222233333333329
1 0.7994122499999999 0.35415833333333335 0.1087499999999999 0.07800000000000001
1 0.8359435 0.35249166666666665 0.10312500000000002 0.0728333333333333
1 0.86597475 0.3517 0.09224999999999994 0.0671666666666666
1 0.8915476874999999 0.3511445833333333 0.0886667499999999 0.06444433333333338
1 0.9140685 0.35108908333333333 0.08091650000000006 0.061555666666666675
1 0.932547625 0.3512834166666666 0.07658324999999999 0.05855533333333329
1 0.948922625 0.35186675 0.07191675000000008 0.05555533333333329
1 0.41840175 0.25120000000000003 0.056625000000000036 0.04566666666666666
1 0.56071425 0.23795 0.07262500000000005 0.037500000000000006
1 0.6046517499999999 0.23665833333333333 0.07437499999999997 0.036000000000000004
1 0.515933 0.24053333333333332 0.06400000000000006 0.039166666666666655
0 0.46902675 0.24478333333333335 0.06349999999999995 0.041666666666666685
1 0.36952675 0.2586583333333333 0.04974999999999996 0.048666666666666636
1 0.32183925 0.2679916666666667 0.059874999999999956 0.05249999999999999
1 0.275308 0.279075 0.06199999999999997 0.0546666666666667
1 0.23068299999999997 0.29128333333333334 0.07050000000000001 0.06
1 0.18696425 0.3043666666666667 0.071625 0.06133333333333335
1 0.15046425 0.31228333333333336 0.05799999999999998 0.04816666666666669
1 0.7151501875 0.2402145 0.07441649999999989 0.037000000000000005
1 0.745816875 0.24290899999999999 0.06925000000000003 0.037000000000000005
1 0.7730251875 0.24552008333333333 0.06891675000000008 0.03644466666666668
1 0.7986918125 0.24863125 0.0668335000000001 0.03744433333333333
1 0.8209835 0.2519645 0.06266649999999996 0.03699999999999998
1 0.8416293125000001 0.255409 0.062000000000000055 0.035999999999999976
1 0.8612126875 0.2588535 0.059166750000000046 0.036222333333333356
1 0.8782960000000001 0.2622979166666667 0.054749999999999965 0.035111
1 0.8938793125 0.265409 0.05333325 0.033889
1 0.9085043125 0.26857566666666666 0.05116675000000004 0.03388866666666668
1 0.9215251875 0.27157566666666666 0.04733324999999988 0.032889
1 0.931191875 0.27243675 0.038166749999999916 0.029555666666666702
1 0.9385668125 0.27146458333333334 0.027333249999999865 0.021222333333333343
1 0.6808585 0.23796449999999997 0.07166675 0.036222333333333356
0 0.644441875 0.23663125 0.07150000000000001 0.03577766666666665
