0 0.2608286875 0.6870684166666666 0.18549900000000002 0.29252999999999996
0 0.353813625 0.6098555833333333 0.21468925 0.25612033333333334
0 0.4439735625 0.5364093333333333 0.21092275 0.2109226666666667
0 0.5171845625 0.47708724999999996 0.19020724999999988 0.1707466666666667
0 0.031802 0.49915033333333336 0.063604 0.139
0 0.0961665 0.4576503333333333 0.07375000000000001 0.134
0 0.16266650000000002 0.41565033333333334 0.08950000000000001 0.11766666666666664
0 0.2282915 0.378067 0.10174999999999998 0.10499999999999998
0 0.289979 0.34665033333333334 0.10749999999999998 0.08933333333333332
0 0.34610399999999997 0.32065033333333337 0.11275000000000002 0.07466666666666666
0 0.396729 0.29898366666666665 0.11425000000000002 0.06366666666666665
0 0.4422915 0.28123366666666666 0.11449999999999999 0.056999999999999995
0 0.483604 0.2672336666666667 0.10875000000000001 0.05000000000000002
0 0.519229 0.2557336666666667 0.09900000000000003 0.047333333333333366
0 0.5491665 0.24565033333333336 0.09575000000000011 0.04500000000000001
0 0.575354 0.23773366666666668 0.08750000000000002 0.04100000000000001
0 0.598229 0.23127533333333333 0.08487500000000003 0.040166666666666684
0 0.573173375 0.43172558333333333 0.17831324999999998 0.136546
0 0.6168705624999999 0.39768749999999997 0.14964775000000008 0.11051033333333327
0 0.6494475 0.372548 0.13374999999999992 0.09833333333333333
0 0.6791975 0.34913133333333335 0.12450000000000006 0.08833333333333332
0 0.61691625 0.22542299999999998 0.08074999999999999 0.03966666666666668
0 0.63329125 0.22071466666666667 0.081125 0.03799999999999998
0 0.64904125 0.217173 0.07874999999999999 0.03749999999999998
0 0.663385 0.213673 0.075125 0.03716666666666668
0 0.6771975 0.2104646666666667 0.07012499999999999 0.03566666666666665
