0 0.49338425 0.622934 0.21899999999999997 0.3100000000000001
0 0.6040092499999999 0.6972673333333334 0.20149999999999996 0.346
0 0.71825925 0.7702673333333333 0.18599999999999994 0.3606666666666668
0 0.82188425 0.8304340000000001 0.1429999999999999 0.3386666666666668
0 0.90338425 0.8633671666666667 0.09600000000000009 0.28906599999999993
0 0.39513425 0.553434 0.21099999999999997 0.2700000000000001
0 0.31488425000000003 0.4936006666666667 0.19699999999999998 0.23200000000000004
0 0.25158606250000004 0.4458189166666666 0.17119275000000003 0.19266666666666665
0 0.246111125 0.80496175 0.24277099999999996 0.3690203333333333
0 0.16960506250000001 0.709293 0.210241 0.3140559999999999
0 0.11659306250000001 0.629775 0.17951825000000002 0.25060233333333337
0 0.701774 0.3406163333333333 0.08099999999999996 0.11099999999999999
0 0.764899 0.37611633333333333 0.06925000000000003 0.1243333333333333
0 0.8253365 0.4131163333333333 0.06599999999999995 0.132
0 0.881149 0.4501163333333333 0.07074999999999998 0.1376666666666666
0 0.8642115 0.36467191666666665 0.06133325000000012 0.09955533333333333
0 0.8167948125 0.3336719166666667 0.057333499999999926 0.095111
0 0.7670864375 0.30389408333333334 0.05500000000000005 0.08533333333333332
0 0.7156698125000001 0.2762275 0.06283324999999995 0.07755566666666663
0 0.6628365 0.252283 0.07216675000000006 0.06711099999999998
0 0.6374615 0.3093385833333333 0.0948334999999999 0.09822233333333336
0 0.5755448125 0.28156075 0.10283349999999991 0.08733333333333332
0 0.6116281875 0.23139408333333333 0.07699999999999996 0.05799966666666667
0 0.5181698125 0.2579496666666667 0.11000000000000004 0.07777766666666669
0 0.5625031875 0.21256075000000002 0.08333350000000006 0.05133333333333334
0 0.5162323125 0.19606083333333335 0.08375000000000005 0.047333000000000014
0 0.46531575 0.23800533333333332 0.11200000000000004 0.068
0 0.47437825 0.18233866666666665 0.08700000000000002 0.04466666666666666
0 0.41794074999999997 0.22167199999999998 0.10875000000000001 0.06133333333333332
0 0.15194075 0.3657553333333333 0.14225000000000002 0.13400000000000006
0 0.1985240625 0.40378308333333335 0.16308324999999999 0.16666666666666669
0 0.11673225 0.33661633333333335 0.1225 0.11166666666666664
0 0.08966974999999999 0.315283 0.10725 0.09433333333333332
0 0.06948225 0.298783 0.09549999999999999 0.08466666666666661
0 0.0463140625 0.47911633333333337 0.1089615 0.1764446666666667
0 0.07513775 0.5550051666666667 0.16229475 0.23288899999999996
0 0.36727725 0.8814813333333333 0.273 0.28237066666666666
0 0.9309855 0.48357358333333333 0.07024975000000011 0.140889
0 0.907777125 0.39307366666666665 0.062000000000000055 0.09644433333333335
0 0.9466104375000001 0.4197403333333333 0.05866674999999999 0.09111100000000005
0 0.938527125 0.31846266666666667 0.04800000000000004 0.0646666666666666
0 0.9662771875 0.34018475000000004 0.04749999999999999 0.066222
0 0.7802355 0.21457358333333332 0.03649999999999998 0.04666666666666666
0 0.7452354375 0.19668475 0.03833350000000002 0.042666666666666686
0 0.709943875 0.17974041666666668 0.042666749999999976 0.03822233333333336
0 0.6748813124999999 0.16487924999999998 0.04666674999999998 0.033555333333333326
0 0.640298 0.15176816666666665 0.05016674999999993 0.030444666666666675
0 0.6064021875 0.1398515 0.05258324999999997 0.02811133333333332
0 0.5732980625 0.129296 0.05508325000000003 0.025444333333333333
0 0.5417355 0.12037925 0.05575000000000008 0.02300000000000002
0 0.5116730625 0.112907 0.057416750000000016 0.021666666666666667
0 0.4828813125 0.10654583333333333 0.05800000000000005 0.020000000000000004
0 0.4559854375 0.10160141666666667 0.05800000000000005 0.01855566666666668
0 0.4311521875 0.097768 0.05829150000000005 0.0175
0 0.407548 0.09451816666666665 0.057666500000000065 0.017
0 0.385131375 0.09187916666666666 0.05608349999999995 0.016222333333333325
0 0.3630688125 0.09024033333333333 0.05783349999999998 0.015444333333333324
0 0.3429229375 0.08879591666666667 0.05325000000000002 0.015888999999999986
0 0.3264021875 0.08721258333333333 0.047583499999999945 0.014778
0 0.37579206249999997 0.20841725 0.10500000000000004 0.05533333333333332
0 0.338417125 0.19813941666666668 0.10099999999999998 0.05244466666666667
0 0.305729625 0.18977833333333333 0.09600000000000003 0.05188899999999999
0 0.433813 0.17013933333333334 0.08975 0.04133333333333333
0 0.396313 0.160806 0.08574999999999999 0.03933333333333333
0 0.36537549999999996 0.153306 0.07775000000000004 0.035
