0 0.66760825 0.87303825 0.19397374999999994 0.32297566666666666
1 0.518597 0.8070464166666667 0.1741994999999999 0.44601366666666664
0 0.38983049999999997 0.700565 0.13465175000000007 0.5034523333333333
1 0.298258 0.5860013333333334 0.10546150000000001 0.3942246666666666
1 0.2389359375 0.49905841666666667 0.09698674999999998 0.29001866666666665
0 0.200026 0.437131 0.0865 0.22333333333333327
0 0.173026 0.39429766666666666 0.07599999999999998 0.17433333333333334
0 0.155026 0.3632143333333333 0.067 0.14666666666666667
1 0.141651 0.33738100000000004 0.06200000000000003 0.12566666666666665
0 0.130526 0.3162976666666667 0.05725000000000001 0.10333333333333333
0 0.12190100000000001 0.299881 0.053250000000000006 0.08666666666666667
1 0.1154635 0.28721433333333335 0.04800000000000003 0.07666666666666666
1 0.1102135 0.2775476666666667 0.04400000000000001 0.06866666666666665
1 0.105901 0.26838100000000004 0.04100000000000001 0.06433333333333333
1 0.10190099999999999 0.2605476666666667 0.038250000000000006 0.05766666666666667
1 0.0985885 0.25329766666666664 0.035500000000000004 0.05366666666666664
0 0.8494634999999999 0.4450476666666667 0.19725000000000004 0.19399999999999995
0 0.6682135 0.340131 0.20325000000000004 0.14366666666666666
1 0.5144635 0.2690476666666667 0.16549999999999998 0.09066666666666667
1 0.40652600000000005 0.22904766666666668 0.121 0.06033333333333332
0 0.3342135 0.20671433333333333 0.08900000000000002 0.04266666666666666
