0 0.9402329375 0.7279633333333333 0.12052275000000001 0.256
0 0.76360225 0.8312966666666666 0.23299999999999998 0.29666666666666663
0 0.70910225 0.6819633333333334 0.22999999999999998 0.2486666666666666
0 0.6570189375 0.5469633333333334 0.22299999999999998 0.18800000000000006
0 0.6117272500000001 0.43713 0.20800000000000007 0.13733333333333336
0 0.5747273125 0.35190775 0.18966675 0.10400000000000004
0 0.5446856875 0.2880745 0.17099999999999999 0.07644400000000001
0 0.51918575 0.23985208333333333 0.15583324999999998 0.06088899999999997
0 0.16396968750000002 0.8541955833333333 0.2113635 0.20707066666666663
0 0.15995593749999998 0.6953025 0.19277124999999998 0.18232933333333323
0 0.1641758125 0.567597 0.181518 0.17455400000000004
0 0.17750931250000002 0.4524019166666667 0.1663535 0.12722866666666666
0 0.21479624999999997 0.27213333333333334 0.12299999999999997 0.08566666666666667
0 0.22323374999999998 0.2343 0.11125000000000002 0.07033333333333333
0 0.20324699999999998 0.32122175 0.13744699999999996 0.10368700000000003
0 0.19028875 0.37985325000000003 0.15190925 0.11058566666666664
0 0.496962875 0.20259333333333335 0.13733325000000002 0.04622233333333331
0 0.46448375 0.14800999999999997 0.10975000000000007 0.03366666666666668
0 0.47879625000000003 0.17292666666666667 0.122 0.03866666666666668
0 0.231776125 0.20250725 0.10400000000000004 0.065111
0 0.452401125 0.12722933333333333 0.09966675000000008 0.029333333333333336
0 0.9691889375 0.6584480833333334 0.07895550000000007 0.23377799999999993
