0 0.2462930625 0.6837714166666666 0.19233324999999998 0.2546666666666667
0 0.20320975 0.5893270833333333 0.16633325 0.2240000000000001
0 0.172543125 0.51466025 0.1358335 0.16244466666666668
0 0.1541264375 0.465327 0.11633325000000001 0.13422200000000006
0 0.14045975 0.4258825833333333 0.10450024999999998 0.11399999999999999
0 0.12120975 0.3687715 0.08616674999999999 0.08577799999999997
0 0.1293348125 0.3938825833333333 0.0945 0.0942223333333333
0 0.9046605 0.7303433333333333 0.09675 0.2400000000000001
0 0.8269105 0.66276 0.12250000000000005 0.2310000000000001
0 0.741973 0.59276 0.14200000000000002 0.21166666666666678
0 0.6589105 0.5256766666666667 0.14875000000000005 0.18566666666666665
0 0.5816605 0.4646766666666667 0.15899999999999997 0.15766666666666673
0 0.5141605 0.41292666666666666 0.15224999999999994 0.12733333333333335
0 0.4516605 0.3678433333333333 0.15525 0.11399999999999999
0 0.3997855 0.33142666666666665 0.13025000000000003 0.08733333333333332
0 0.3629105 0.30676000000000003 0.11774999999999997 0.07266666666666666
0 0.3327855 0.28584333333333334 0.10849999999999999 0.0643333333333333
0 0.307723 0.26909333333333335 0.10025 0.055999999999999966
0 0.28534800000000005 0.25676 0.09225 0.04933333333333334
0 0.263952125 0.2438711666666667 0.08858324999999997 0.049222000000000016
0 0.243556375 0.230899 0.07724999999999999 0.042221999999999954
0 0.8565772500000001 0.3888433333333333 0.06174999999999997 0.09966666666666668
0 0.80395225 0.35284333333333334 0.06900000000000006 0.08633333333333332
0 0.75245225 0.32017666666666666 0.07725000000000004 0.07600000000000001
0 0.70145225 0.2905933333333333 0.08125000000000004 0.0656666666666667
0 0.65338975 0.26492666666666664 0.08725000000000005 0.05899999999999997
0 0.60826475 0.24375999999999998 0.08574999999999999 0.05000000000000002
0 0.56720225 0.22509333333333334 0.08775 0.044333333333333336
0 0.52976475 0.21059333333333333 0.0832500000000001 0.038666666666666655
0 0.4966045 0.19805066666666668 0.0832500000000001 0.036333333333333356
0 0.46616699999999994 0.18759233333333336 0.07849999999999996 0.032833333333333325
