0 0.7889779375 0.5217809999999999 0.14973099999999995 0.0671106666666666
0 0.6240330625 0.5181235833333333 0.20433325000000002 0.0768890000000001
0 0.4175330625 0.5065680833333334 0.23266674999999998 0.07511133333333336
0 0.255533 0.4813459166666667 0.13700025000000002 0.08133300000000004
0 0.18015799999999998 0.4351236666666667 0.0788335 0.07933299999999999
0 0.672124 0.35663866666666666 0.09900000000000009 0.059
0 0.6320615 0.32830533333333334 0.09999999999999998 0.05799999999999994
0 0.591624 0.3013886666666667 0.09575 0.04966666666666669
0 0.5544365 0.280222 0.09349999999999992 0.041000000000000036
0 0.5224365 0.2636386666666667 0.08174999999999999 0.03366666666666668
0 0.8329913125 0.3431035 0.10033350000000008 0.07688899999999999
0 0.7423246875 0.28949233333333335 0.10233325000000004 0.06111133333333335
0 0.6598246875 0.246159 0.09216674999999996 0.04977766666666664
0 0.5961579375 0.21793674999999998 0.06716675000000005 0.026666666666666672
0 0.5459080625 0.19949241666666667 0.06666675 0.02644433333333332
0 0.4981996875 0.18293683333333333 0.05416675000000004 0.018444333333333313
0 0.1623125 0.3830545833333333 0.03516675 0.055555666666666614
