0 0.50853275 0.7636208333333334 0.25903599999999993 0.335743
0 0.59712125 0.6660947500000001 0.23734950000000005 0.2752450000000001
0 0.66237925 0.5874413333333334 0.20500000000000007 0.21600000000000003
0 0.7100458125 0.523375 0.1855 0.18
1 0.3919024375 0.8530535 0.26024099999999994 0.31132366666666667
0 0.3615640625 0.53876275 0.15966650000000004 0.18888900000000003
0 0.43906406249999996 0.4837628333333333 0.16433325 0.15688900000000006
0 0.50623075 0.4376515833333333 0.15933324999999993 0.13155566666666663
0 0.5631474375000001 0.39965175 0.14800000000000002 0.11111133333333334
1 0.2062640625 0.3859699166666667 0.068 0.08555533333333326
0 0.25893068750000003 0.35635883333333335 0.07733325000000005 0.07555533333333336
0 0.310472375 0.32946983333333335 0.08333325000000003 0.068
0 0.3588473125 0.3061365833333333 0.08466649999999998 0.05844433333333332
0 0.4025556875 0.28646991666666666 0.08933350000000001 0.05133333333333334
0 0.1533578125 0.41820599999999997 0.05649999999999997 0.09566666666666668
1 0.1018056875 0.45191433333333336 0.05566675 0.10599999999999998
0 0.0530973125 0.48685875 0.059666750000000005 0.1146666666666667
0 0.10255918750000001 0.7271985833333333 0.105 0.2515299999999999
0 0.2744110625 0.6008280833333333 0.148795 0.21686733333333325
0 0.1866099375 0.6650850833333334 0.12710849999999999 0.23775100000000005
0 0.74634375 0.47336216666666664 0.15979524999999994 0.14986333333333324
0 0.44350693750000003 0.26981991666666666 0.09116674999999996 0.04577766666666666
0 0.48088193749999997 0.25637550000000003 0.08933324999999992 0.03955566666666668
0 0.514724 0.24522608333333334 0.08550000000000002 0.0364443333333333
0 0.7741369375 0.43527641666666667 0.14200000000000002 0.12711099999999997
0 0.7958348125 0.4044193333333333 0.12541675000000008 0.10822233333333336
0 0.5449349375 0.23526783333333334 0.08399999999999996 0.03400000000000003
0 0.5727683125 0.22721225 0.07966675000000001 0.030888999999999972
0 0.5973516249999999 0.22049016666666665 0.07333325000000002 0.028444666666666646
1 0.12900974999999998 0.288144 0.02675000000000001 0.02566666666666667
0 0.15457225 0.273519 0.026500000000000024 0.02466666666666667
0 0.1032285 0.303519 0.028999999999999998 0.029166666666666674
1 0.07807225 0.3196023333333333 0.029375 0.03033333333333338
1 0.0536035 0.3360606666666667 0.03149999999999999 0.032999999999999974
0 0.02944725 0.35310233333333335 0.031375 0.033999999999999975
0 0.2354995 0.23244966666666667 0.04049999999999998 0.021999999999999992
0 0.2678745 0.21799133333333337 0.04074999999999998 0.018666666666666665
1 0.358666 0.18436633333333335 0.04425000000000001 0.01316666666666666
1 0.111687 0.275269 0.023125000000000007 0.022999999999999965
1 0.09043699999999999 0.2881856666666667 0.025624999999999995 0.026000000000000023
1 0.06940575 0.30160233333333336 0.026375000000000003 0.02683333333333332
0 0.049332749999999995 0.31485233333333335 0.027249999999999996 0.02799999999999997
0 0.132489 0.2627273333333333 0.022124999999999992 0.022333333333333316
1 0.15339525 0.25114400000000003 0.022125000000000006 0.020166666666666666
0 0.38507925 0.17557233333333333 0.043625000000000025 0.011166666666666658
0 0.6131485000000001 0.3679355833333333 0.1393335 0.09866666666666668
0 0.6524818125 0.34204666666666667 0.11866674999999993 0.08311100000000005
0 0.6820235 0.32326900000000003 0.10699999999999998 0.07500000000000001
