0 0.1729215 0.8080373333333334 0.33599999999999997 0.278
0 0.3216715 0.7545373333333334 0.41750000000000004 0.2733333333333333
0 0.4787965 0.6830373333333334 0.43850000000000006 0.2473333333333333
0 0.6179215 0.6113706666666667 0.391 0.20599999999999996
0 0.7351715000000001 0.5477040000000001 0.3145 0.1826666666666667
0 0.0645635 0.8734570833333334 0.18347425 0.2618476666666667
0 0.8162165 0.49996433333333334 0.2067500000000001 0.15133333333333326
0 0.863654 0.46896433333333337 0.16975000000000007 0.1286666666666667
0 0.899654 0.4457976666666667 0.14249999999999996 0.11266666666666669
0 0.4638833125 0.337492 0.17999999999999994 0.16711100000000007
0 0.5339666249999999 0.22938091666666666 0.118 0.08711133333333337
0 0.5846331874999999 0.30426975 0.17233325 0.16311099999999998
0 0.62175825 0.21417266666666668 0.09850000000000003 0.068
0 0.6860394999999999 0.21442266666666668 0.050875000000000004 0.06216666666666665
0 0.7286644999999999 0.21396433333333334 0.04375000000000007 0.056333333333333346
0 0.766602 0.21504766666666666 0.042750000000000066 0.05399999999999999
0 0.7986228125 0.21696433333333334 0.04170825 0.051666666666666666
0 0.82544575 0.2194435 0.042750000000000066 0.04858333333333334
0 0.6739665625 0.29121416666666666 0.07366675 0.1202223333333334
0 0.72825825 0.28265866666666667 0.056499999999999995 0.10844433333333331
0 0.774674875 0.27821425 0.05249999999999999 0.09777766666666665
0 0.8127165624999999 0.27588091666666664 0.05333325000000011 0.08844433333333335
0 0.843924875 0.2738809166666667 0.05249999999999999 0.07844433333333334
0 0.86938325 0.2724364166666667 0.04983325000000005 0.07088900000000001
0 0.8486331874999999 0.22188091666666665 0.03949999999999998 0.045110999999999984
0 0.869174875 0.22482533333333332 0.04099975000000011 0.046889000000000014
0 0.891299875 0.27249191666666667 0.04833350000000003 0.06488866666666662
0 0.9089249374999999 0.2715476666666667 0.04600000000000004 0.06222200000000003
0 0.88638325 0.22671416666666666 0.03783325000000004 0.04111100000000001
0 0.925466625 0.2725475 0.04133324999999999 0.055333333333333345
0 0.9024249375 0.23032533333333333 0.03749999999999998 0.04088900000000001
0 0.9381749374999999 0.2713253333333333 0.039333249999999986 0.05088900000000002
0 0.9160499375 0.23165866666666668 0.032333500000000015 0.034221999999999975
0 0.9493 0.27038091666666664 0.038333249999999874 0.051555333333333314
0 0.4552065 0.24302841666666666 0.13999999999999996 0.10088866666666668
0 0.3584565 0.3662506666666666 0.213 0.19111100000000003
0 0.1157898125 0.356695 0.1726665 0.16799999999999998
0 0.19387318750000002 0.32280616666666667 0.181 0.157778
0 0.07511325 0.46680625000000003 0.14770650000000002 0.177778
0 0.027436562499999997 0.4660285 0.06603975 0.1213333333333333
0 0.05410325 0.38469508333333335 0.13903975 0.16977800000000004
0 0.15147225 0.4421716666666667 0.20750000000000002 0.21633333333333338
0 0.27965975 0.29108833333333334 0.177 0.13900000000000004
0 0.250597125 0.4041994166666667 0.21933325 0.21066666666666672
0 0.368263875 0.2641994166666667 0.16100000000000003 0.12
0 0.9283573125 0.4274550833333334 0.12433349999999999 0.10044433333333336
0 0.9499138125 0.41267716666666665 0.10622600000000004 0.09244466666666662
0 0.9639703125 0.39801058333333333 0.08189274999999996 0.08355566666666664
0 0.9724703125 0.38212158333333335 0.06289274999999994 0.06533333333333335
0 0.97997025 0.36823283333333334 0.046559499999999976 0.04888899999999996
