1 0.4716146875 0.4611291666666667 0.08599999999999997 0.11911100000000008
1 0.400114625 0.4694625 0.08000000000000002 0.121778
1 0.32936468750000003 0.47818483333333334 0.08633324999999997 0.12511100000000003
1 0.2632813125 0.4865736666666667 0.09366675 0.12444466666666665
0 0.5405313749999999 0.45312925 0.09733349999999996 0.11288900000000002
1 0.6050313125 0.44735141666666667 0.1046665000000001 0.10711099999999996
0 0.663198 0.44146266666666667 0.10833349999999997 0.10000000000000003
1 0.715198 0.43701816666666665 0.10666674999999992 0.09511133333333327
0 0.761031375 0.43290700000000004 0.10433325000000004 0.089333
0 0.8002813124999999 0.4297958333333334 0.09533325000000004 0.08400000000000002
1 0.8329271874999999 0.42782366666666666 0.09458349999999993 0.08000000000000002
1 0.8622670000000001 0.4263943333333333 0.08925000000000005 0.07466666666666666
1 0.8883295 0.425561 0.08349999999999991 0.07133333333333336
1 0.33347175 0.3048403333333333 0.05325000000000002 0.05066666666666664
0 0.37628425 0.29909033333333335 0.048750000000000016 0.04833333333333334
1 0.41990924999999996 0.29467366666666667 0.046499999999999986 0.04533333333333334
0 0.46293 0.29142366666666664 0.05083325000000005 0.042444666666666686
1 0.505305 0.28903475 0.056499999999999884 0.04133333333333333
0 0.5471383750000001 0.28786816666666665 0.0606667500000001 0.03999999999999998
1 0.58622175 0.28720141666666665 0.06299999999999994 0.03955533333333333
1 0.292301375 0.31205008333333334 0.05833325000000006 0.051778000000000046
1 0.2527180625 0.3198834166666667 0.061833499999999986 0.05377766666666667
1 0.21550975 0.32766116666666667 0.06316675 0.05377799999999999
0 0.6230930625 0.28721675 0.06483324999999995 0.03844433333333336
0 0.6576348125 0.2878835833333333 0.06466675 0.0382223333333333
1 0.6894055 0.28946666666666665 0.06512499999999999 0.03899999999999998
0 0.7185202500000001 0.2911413333333333 0.0635 0.03783333333333333
1 0.3447115 0.2671886666666667 0.0461665 0.036444666666666625
1 0.3816698125 0.26213308333333335 0.04300000000000004 0.03422200000000003
0 0.41904481250000003 0.25874416666666666 0.03966674999999997 0.03155566666666665
1 0.4559615 0.25641091666666666 0.042666749999999976 0.03155533333333335
0 0.49279487499999997 0.25479966666666665 0.04666674999999998 0.029778
0 0.529503125 0.25379975 0.051500250000000025 0.028888666666666674
1 0.5639198125 0.25341091666666665 0.051666749999999984 0.02844433333333332
0 0.5968365 0.25413316666666663 0.05666674999999999 0.029111333333333295
0 0.6280448750000001 0.25507749999999996 0.055499999999999994 0.02933299999999997
0 0.6564615 0.2566886666666667 0.056333499999999925 0.03022233333333335
0 0.6840448125 0.2584941666666667 0.05866674999999999 0.028666666666666646
0 0.3083928125 0.273704 0.04883350000000003 0.038000000000000034
1 0.2732260625 0.28037066666666666 0.051833500000000005 0.03955566666666671
0 0.2398510625 0.2872595 0.05183324999999997 0.039999666666666656
1 0.1805594375 0.33542625 0.0655 0.05644433333333332
0 0.20810106250000002 0.2941485 0.055166750000000014 0.04155566666666666
0 0.44521575 0.20762066666666665 0.03049999999999997 0.01683333333333331
0 0.47346575 0.20662066666666665 0.03337499999999999 0.016500000000000015
0 0.50109075 0.20607899999999998 0.035999999999999976 0.01533333333333331
1 0.41724700000000003 0.20899566666666666 0.028749999999999998 0.01733333333333331
1 0.389372 0.21124566666666666 0.031125000000000014 0.017666666666666664
0 0.36165325000000004 0.21349566666666667 0.032625000000000015 0.01999999999999999
0 0.33463224999999996 0.21755133333333332 0.03537499999999999 0.021666666666666667
1 0.307101 0.22314833333333334 0.03849999999999998 0.022499999999999992
1 0.280122 0.22899566666666665 0.039500000000000035 0.02416666666666667
1 0.25415325 0.23487066666666664 0.040874999999999995 0.024833333333333346
1 0.22887200000000002 0.24074566666666666 0.042374999999999996 0.02566666666666667
0 0.204424 0.2466066666666667 0.04275000000000001 0.026000000000000023
1 0.18123650000000002 0.2525096666666667 0.04324999999999998 0.026499999999999996
1 0.15947606250000002 0.25848175 0.04358325000000002 0.026777666666666672
1 0.9106568125 0.42438675000000003 0.07933325000000002 0.06844433333333333
1 0.9306985 0.42310891666666667 0.07666649999999997 0.06533333333333335
0 0.9486985 0.421609 0.07066650000000008 0.062222333333333324
0 0.963781875 0.4209979166666667 0.0655 0.06
1 0.292744 0.21226433333333333 0.03512500000000002 0.01983333333333334
0 0.31730650000000005 0.207181 0.03237499999999999 0.017999999999999988
1 0.341494 0.202431 0.029125000000000012 0.017166666666666663
1 0.36633775 0.19859766666666667 0.030000000000000027 0.015833333333333338
1 0.39224400000000004 0.196681 0.027749999999999997 0.015000000000000013
0 0.41749400000000003 0.194556 0.026000000000000023 0.014333333333333337
0 0.44251475 0.19327824999999998 0.02808324999999995 0.013333333333333336
1 0.467868875 0.19252816666666667 0.030500000000000027 0.012889000000000012
1 0.26870225 0.2172366666666667 0.036250000000000004 0.020833333333333343
1 0.24551475 0.22230591666666666 0.037750000000000006 0.022110999999999992
1 0.2230980625 0.227556 0.03966649999999999 0.023333333333333317
0 0.201118875 0.23313933333333334 0.039583250000000014 0.02377766666666667
1 0.18128550000000002 0.23827825 0.037750000000000006 0.022888999999999993
