1 0.61866 0.4477143333333333 0.19699999999999995 0.1686666666666667
0 0.63491 0.36654766666666666 0.1685000000000001 0.13733333333333336
1 0.64466 0.30504766666666666 0.14700000000000002 0.10400000000000004
1 0.65291 0.25996433333333335 0.12975000000000003 0.08933333333333335
0 0.65916 0.22363100000000002 0.11425000000000007 0.07366666666666669
1 0.6635975 0.194631 0.10375000000000001 0.0656666666666667
1 0.66712875 0.170506 0.09525000000000006 0.056333333333333346
1 0.6702224999999999 0.15117266666666668 0.08875 0.05050000000000002
1 0.67225375 0.13452 0.08287500000000003 0.0455
0 0.6737537499999999 0.11952 0.07525000000000004 0.040666666666666657
1 0.6751287499999999 0.10581166666666666 0.0695 0.03649999999999999
1 0.7713265625 0.19721425 0.08516674999999996 0.060777666666666674
1 0.77718075 0.22065866666666667 0.09099999999999997 0.07033333333333336
1 0.78293075 0.24907533333333332 0.09799999999999998 0.08133333333333331
1 0.78943075 0.2845753333333333 0.10675000000000001 0.09466666666666665
0 0.7661183125 0.17838091666666667 0.07816674999999995 0.05111099999999999
1 0.761576625 0.1623255 0.07316650000000013 0.045999999999999985
