0 0.053858875 0.5279876666666666 0.081 0.1417776666666667
0 0.07010881249999999 0.6502098333333334 0.09233324999999999 0.20044466666666683
0 0.1375255625 0.62054325 0.0923335 0.20844433333333334
0 0.2137755 0.58709875 0.08566675000000001 0.20844466666666672
0 0.29719225 0.5527654166666667 0.10299999999999998 0.20355566666666658
0 0.38685887500000005 0.51654325 0.128 0.19511099999999992
1 0.1039421875 0.5027654166666666 0.08333325 0.1431113333333333
1 0.1592754375 0.4749876666666667 0.07933325000000001 0.14133300000000004
0 0.22152543749999998 0.44576550000000004 0.07499999999999998 0.13511133333333336
1 0.28927543749999995 0.41709875 0.07833324999999997 0.12577766666666662
0 0.3589421875 0.3918765 0.08900000000000002 0.11777766666666667
0 0.069748 0.36729291666666664 0.04250000000000001 0.057777999999999996
0 0.10591462500000001 0.33707075 0.04800000000000003 0.05111100000000002
1 0.1420813125 0.30895958333333334 0.049 0.043999999999999984
1 0.177248 0.2831819166666667 0.05283349999999998 0.03755566666666671
0 0.211748 0.26045958333333336 0.05433349999999998 0.03133333333333335
0 0.243789625 0.24012633333333333 0.05583324999999997 0.0255556666666667
1 0.2749146875 0.22201525 0.060000000000000026 0.02466666666666667
0 0.30441475 0.2063485 0.05499999999999999 0.01933333333333334
0 0.33085225 0.19212633333333334 0.05841649999999998 0.019778000000000018
0 0.3560396875 0.17912625 0.058499999999999996 0.01644433333333334
1 0.381956375 0.1684041666666667 0.06166675000000005 0.01622233333333334
0 0.4067896875 0.15940408333333334 0.05099999999999999 0.01377766666666666
1 0.4262063125 0.15268183333333335 0.04733350000000003 0.013111000000000012
0 0.44545625 0.14601524999999999 0.04799999999999999 0.01244466666666666
1 0.4617479375 0.140293 0.04233324999999999 0.01088900000000001
1 0.4779979375 0.13523741666666667 0.040666749999999974 0.011333333333333334
0 0.49541468750000006 0.13029308333333334 0.04333350000000008 0.01200000000000001
0 0.511331375 0.12579308333333333 0.04083324999999999 0.010443999999999981
0 0.5251229374999999 0.12195966666666667 0.040500250000000015 0.010000000000000009
1 0.444373 0.21595975 0.065 0.03933333333333333
1 0.483706375 0.20751525 0.0665 0.03666666666666668
0 0.5209146875 0.20112633333333335 0.06833325000000001 0.03266666666666668
0 0.5549146875 0.19657075000000002 0.06816649999999991 0.030667000000000028
0 0.58828975 0.19273741666666666 0.07100000000000006 0.02844433333333332
1 0.5546229375 0.17018191666666668 0.05600000000000005 0.022444333333333344
1 0.6196646875 0.18951525 0.07166649999999997 0.02755533333333332
0 0.5836229375 0.16729308333333334 0.05833350000000004 0.021110666666666666
1 0.649164625 0.18762633333333334 0.0675 0.025777666666666643
1 0.611623 0.165793 0.05916700000000008 0.020222000000000018
1 0.673664625 0.18670975 0.0625 0.02466666666666667
1 0.6352063750000001 0.16473741666666666 0.055499999999999994 0.020000333333333314
0 0.697706375 0.18684858333333335 0.06833325000000001 0.023555333333333317
0 0.527527 0.4575576666666667 0.15175 0.16466666666666668
0 0.470402 0.35097433333333333 0.10775000000000007 0.10233333333333333
0 0.5335895 0.33172433333333334 0.11425000000000013 0.09100000000000003
0 0.6025895000000001 0.42747433333333335 0.15200000000000002 0.14400000000000002
0 0.6651520000000001 0.4032243333333333 0.14349999999999996 0.125
0 0.5899645 0.316141 0.11199999999999999 0.08266666666666667
0 0.6383395000000001 0.30305766666666667 0.10675000000000001 0.07700000000000001
1 0.681152 0.292891 0.10550000000000004 0.0673333333333333
0 0.7158395000000001 0.382141 0.1389999999999999 0.11166666666666669
0 0.7602145 0.36597433333333335 0.13324999999999998 0.10066666666666668
0 0.7975895000000001 0.353141 0.11750000000000005 0.09233333333333332
1 0.8328395000000001 0.3414743333333333 0.11749999999999994 0.08433333333333337
0 0.8660270000000001 0.33005766666666664 0.10499999999999998 0.07333333333333336
0 0.7213395 0.28555766666666665 0.10524999999999995 0.06366666666666665
0 0.76030825 0.278641 0.10487500000000005 0.060000000000000026
0 0.7975270000000001 0.2720576666666667 0.10000000000000009 0.060666666666666674
