0 0.4580736875 0.6884166666666667 0.22272725 0.16060600000000003
0 0.742354 0.7232651666666666 0.20075750000000003 0.1252523333333333
0 0.9256873125 0.7136691666666666 0.12727274999999993 0.12424266666666661
0 0.192164625 0.621245 0.162879 0.14040399999999997
0 0.064513 0.5745276666666667 0.12045475 0.11717166666666656
0 0.096141875 0.8945870833333334 0.16287875000000002 0.23506833333333332
0 0.03214425 0.8224361666666666 0.08932375000000001 0.27850266666666657
0 0.2040016875 0.9193345833333333 0.16780299999999998 0.1875933333333334
0 0.5189221875 0.45720441666666667 0.10233324999999999 0.16533333333333333
0 0.6067555625 0.4683155 0.09866675000000003 0.1715556666666666
0 0.6897555625 0.47931558333333335 0.1096665 0.17244433333333337
0 0.764422125 0.49120441666666664 0.11366675000000004 0.16933333333333334
0 0.8285888124999999 0.5019821666666666 0.10866674999999992 0.160889
0 0.8845888125 0.5112045 0.10433325000000004 0.1564443333333333
0 0.9325055 0.5199823333333333 0.09433349999999996 0.148889
0 0.967629125 0.5184267499999999 0.07116124999999995 0.13866666666666672
0 0.4322743125 0.44646183333333334 0.11966674999999999 0.1591109999999999
0 0.35427431249999997 0.43635075 0.12433350000000004 0.15200000000000002
0 0.28377431249999996 0.4282396666666667 0.13566649999999997 0.14088866666666666
0 0.220691 0.4222396666666667 0.128 0.12977766666666662
0 0.1697535 0.4187396666666667 0.11950000000000001 0.122
0 0.1268785 0.4164896666666667 0.11324999999999999 0.1136666666666667
0 0.09000350000000001 0.41548966666666665 0.10375000000000001 0.10333333333333333
