0 0.6755428750000001 0.9042451666666667 0.19033325000000012 0.22439866666666664
0 0.5408761875 0.8627010833333333 0.2466664999999999 0.29684299999999997
0 0.4192095 0.7911570833333333 0.24166649999999995 0.3426666666666667
0 0.3267095 0.70182375 0.21766650000000004 0.295111
0 0.2569594375 0.6252680833333333 0.19133325000000004 0.244
0 0.2057928125 0.5643791666666667 0.16666675000000003 0.19777766666666663
0 0.1686261875 0.5180459166666667 0.1456665 0.1640003333333333
0 0.1400428125 0.48049033333333335 0.13033325 0.14177799999999996
0 0.7990539375 0.9340944166666667 0.1439997500000001 0.16003333333333325
0 0.21215375 0.314235 0.09375 0.06966666666666665
0 0.26059125 0.27681833333333333 0.08450000000000002 0.048666666666666636
0 0.30215375 0.24865166666666666 0.08825 0.04199999999999998
0 0.34071625 0.22386 0.084625 0.03566666666666668
0 0.37421625000000003 0.20390166666666668 0.07774999999999999 0.028499999999999998
0 0.4046225 0.18765166666666666 0.07850000000000001 0.02616666666666667
0 0.431435 0.173735 0.06812499999999999 0.022833333333333372
0 0.473487 0.15842933333333334 0.061624999999999985 0.02566666666666667
0 0.5068932500000001 0.15301266666666669 0.06374999999999992 0.022499999999999992
0 0.53508075 0.149096 0.06399999999999995 0.021333333333333315
0 0.5626432499999999 0.14617933333333333 0.06499999999999995 0.01933333333333334
0 0.59095575 0.14417933333333333 0.062000000000000055 0.017166666666666663
0 0.617362 0.143096 0.059250000000000025 0.016666666666666663
0 0.95640525 0.5624636666666667 0.08124999999999993 0.14400000000000002
0 0.9045927500000001 0.4966303333333334 0.09199999999999997 0.12633333333333335
0 0.85071775 0.435547 0.10099999999999998 0.10466666666666663
0 0.79828025 0.38179700000000005 0.10549999999999993 0.08766666666666673
0 0.74890525 0.335797 0.11050000000000004 0.07
0 0.6681552500000001 0.37263033333333334 0.1509999999999999 0.09466666666666673
0 0.6209052500000001 0.3258803333333333 0.13750000000000007 0.07333333333333336
0 0.70328025 0.2974636666666667 0.11450000000000005 0.059666666666666646
0 0.66296775 0.264297 0.10949999999999993 0.048666666666666664
0 0.5809677500000001 0.28771366666666665 0.12675000000000003 0.06266666666666665
0 0.5472177500000001 0.2566303333333333 0.12275000000000003 0.05033333333333334
0 0.6289365 0.23700533333333332 0.10387499999999994 0.03900000000000001
0 0.59859275 0.214547 0.09775 0.03566666666666665
0 0.762939375 0.22150966666666666 0.08237499999999998 0.03683333333333333
0 0.79611125 0.21705133333333332 0.07550000000000001 0.03433333333333333
0 0.84204875 0.24985691666666668 0.07350000000000001 0.04188900000000004
0 0.8121008125 0.25681525 0.08333324999999991 0.04533333333333334
0 0.8547881875 0.29019025 0.06416650000000002 0.04155566666666666
0 0.8805382500000001 0.2799125 0.051666750000000095 0.03355533333333327
0 0.890746625 0.32191258333333334 0.06183324999999984 0.05066666666666664
0 0.912079875 0.3072459166666667 0.05016675000000004 0.04199999999999998
0 0.928079875 0.3568015 0.05516674999999993 0.05866633333333332
0 0.9442465 0.3378015 0.045999749999999895 0.04733333333333328
0 0.9627881875 0.3925791666666667 0.047166750000000035 0.062444333333333324
