1 0.092464625 0.5163060833333333 0.118 0.15866666666666662
1 0.1642146875 0.4970839166666666 0.118 0.16044433333333336
1 0.2476313125 0.4757505833333333 0.1133335 0.16133333333333327
1 0.3402146875 0.4549728333333333 0.10799999999999998 0.15555533333333332
1 0.435548 0.43486175 0.11866674999999999 0.14711100000000005
1 0.5274646875 0.41763941666666665 0.13266674999999994 0.13377766666666657
1 0.6093605 0.4043616666666667 0.137 0.12133333333333335
1 0.6793605 0.39386166666666667 0.134 0.10900000000000004
1 0.7372355 0.38586166666666666 0.12775000000000003 0.09833333333333338
0 0.785548 0.379195 0.11724999999999997 0.09166666666666662
1 0.0376876875 0.5190925000000001 0.08669475 0.13911099999999998
1 0.9013059999999999 0.36799641666666666 0.0828335 0.068
0 0.9218893125000001 0.3666075 0.07883324999999997 0.06466666666666665
0 0.94050375 0.3649216666666667 0.07187499999999991 0.06127766666666662
0 0.956949875 0.3641115833333333 0.06700000000000006 0.058666666666666645
0 0.9711998749999999 0.36350041666666666 0.05933349999999993 0.05533333333333329
1 0.06211125 0.31673700000000005 0.04687500000000001 0.03966666666666668
1 0.083705 0.3084036666666667 0.04574999999999999 0.03916666666666668
0 0.0412675 0.324612 0.045875 0.040000000000000036
