0 0.7893126874999999 0.794413 0.2617702500000001 0.34651599999999994
0 0.6459510625 0.6704331666666666 0.30885124999999997 0.34526066666666666
0 0.5221280625 0.5593220833333333 0.27118650000000005 0.259887
0 0.4357345 0.4789704166666666 0.25047100000000005 0.21594466666666667
0 0.3667608125 0.41494033333333336 0.22222225 0.17702466666666666
0 0.31156887499999997 0.36471983333333335 0.19578299999999998 0.14216866666666667
0 0.266689375 0.32476008333333334 0.16807224999999998 0.12048200000000003
0 0.234008625 0.294238 0.15060224999999997 0.10923699999999995
0 0.207752625 0.2698534166666667 0.13634949999999998 0.094779
0 0.18442425 0.250235 0.12325000000000001 0.08600000000000002
0 0.16667425 0.23448500000000003 0.10674999999999998 0.07266666666666666
0 0.15304925 0.2219016666666667 0.09575 0.06766666666666668
0 0.14104925000000001 0.21081833333333333 0.08825000000000001 0.06
