0 0.717400125 0.72633875 0.21204824999999994 0.5244533333333333
0 0.5529423125 0.5572735833333333 0.18132525000000005 0.4465863333333333
0 0.4183036875 0.41309683333333336 0.15240975 0.31325299999999995
0 0.33086499999999996 0.31771133333333335 0.121 0.1915556666666667
0 0.2800316875 0.261378 0.09733325000000001 0.132889
0 0.2470316875 0.22626691666666668 0.08366674999999998 0.09733333333333336
0 0.2241149375 0.20204475 0.07266674999999997 0.07600000000000001
0 0.20658375 0.18383633333333335 0.0655 0.062166666666666676
0 0.19305250000000002 0.169378 0.05812500000000001 0.05216666666666667
0 0.18183375000000002 0.158128 0.051875000000000004 0.04533333333333334
0 0.130323375 0.34921125 0.056499999999999995 0.09600000000000003
0 0.119531625 0.29426691666666666 0.04333349999999998 0.06688866666666665
0 0.11336506249999999 0.25704466666666664 0.034499999999999975 0.05088866666666664
0 0.109531625 0.230378 0.02866674999999999 0.03911100000000001
0 0.1069483125 0.21004475 0.02500000000000001 0.031555666666666676
0 0.1049483125 0.19465575000000002 0.022333250000000013 0.025999999999999995
