0 0.284072625 0.8674730833333334 0.25806450000000003 0.29139799999999993
0 0.15141125 0.9223118333333333 0.18548399999999998 0.19677433333333327
0 0.4679435625 0.71075275 0.26209675000000004 0.3182796666666666
0 0.0411699375 0.5452030833333333 0.07416650000000001 0.16355566666666677
0 0.1090865625 0.49781425 0.0855 0.1457776666666667
0 0.255794875 0.4074809166666667 0.12549999999999997 0.11755566666666667
0 0.32587825000000004 0.3707586666666667 0.122 0.09377766666666665
0 0.3849615625 0.3427585833333333 0.11783350000000004 0.07911099999999999
0 0.43612825 0.3204808333333333 0.11333350000000003 0.0693333333333333
0 0.47950325 0.3024253333333333 0.10499999999999998 0.059778
0 0.51462825 0.28864758333333335 0.09899999999999998 0.05288900000000002
0 0.54150325 0.27870316666666667 0.08783324999999992 0.04577766666666666
0 0.55212825 0.6143141666666666 0.20666649999999998 0.21999999999999997
0 0.6077949374999999 0.5468698333333333 0.18200000000000005 0.18133333333333335
0 0.6522114999999999 0.49264758333333336 0.15699999999999992 0.14711099999999994
0 0.6859615625 0.4497586666666667 0.1379997500000001 0.12177766666666673
0 0.7142949375 0.41409191666666667 0.12033349999999998 0.10177799999999998
0 0.7380449375 0.3855365 0.10433350000000008 0.08133333333333331
0 0.578012375 0.2673089166666667 0.0898334999999999 0.04688866666666666
0 0.6043040625 0.2591979166666667 0.07733350000000005 0.03999999999999998
0 0.6230123125 0.25330891666666666 0.0708335 0.035111
0 0.6397623125 0.24880908333333335 0.06666675 0.0333333333333333
0 0.65459575 0.2448645 0.0618335000000001 0.032222
0 0.75479375 0.365295 0.08762499999999995 0.0665
0 0.7657625000000001 0.350295 0.07837499999999997 0.056499999999999995
