0 0.4648836875 0.7165153333333334 0.16515325000000008 0.31668566666666675
0 0.5895998124999999 0.6864359166666667 0.18303049999999998 0.305335
0 0.6994183125 0.6529510833333334 0.18132800000000004 0.28717366666666666
1 0.78518725 0.6183315 0.16259924999999997 0.2519863333333333
0 0.437475125 0.43836074999999997 0.10659774999999999 0.1611806666666667
1 0.528623375 0.42537108333333334 0.12182024999999996 0.152159
0 0.6115755 0.4124243333333333 0.13050000000000006 0.14100000000000001
1 0.684513 0.40334099999999995 0.13 0.126
0 0.42279425 0.23929933333333334 0.060124999999999984 0.054166666666666696
1 0.41963799999999996 0.18879933333333335 0.046499999999999986 0.03366666666666665
1 0.47641924999999996 0.23242433333333334 0.06562499999999999 0.05116666666666664
1 0.46260674999999996 0.18367433333333333 0.04912500000000003 0.030333333333333323
0 0.7207799375 0.19040174999999998 0.06400000000000006 0.03266666666666668
1 0.749384125 0.19490191666666667 0.061916749999999965 0.033222333333333354
1 0.6908425 0.18684633333333334 0.06474999999999997 0.033221999999999974
1 0.7465295000000001 0.39785666666666664 0.12849999999999995 0.11999999999999994
1 0.1839915 0.7431949999999999 0.169697 0.2878786666666666
1 0.2331545 0.47510933333333333 0.14649999999999996 0.17133333333333328
1 0.2968135 0.261887 0.08925 0.068
1 0.31662599999999996 0.207887 0.06974999999999998 0.044333333333333336
