0 0.084737625 0.8336656666666666 0.136747 0.33529966666666666
0 0.1668160625 0.7540575833333334 0.16867474999999998 0.34698799999999985
0 0.3696774375 0.8947998333333333 0.27168675 0.26140433333333335
0 0.26049075 0.66610575 0.19819275000000003 0.33734966666666666
0 0.3594365 0.5757443333333333 0.21626500000000004 0.309237
0 0.45326181249999997 0.4908045833333333 0.22168675 0.2594376666666666
0 0.5341353125 0.4195195 0.20180725000000005 0.22008033333333327
0 0.6094364999999999 0.7060655833333334 0.26566274999999995 0.36064266666666656
0 0.68564125 0.6008446666666667 0.23012049999999995 0.30281100000000005
0 0.7406111875 0.5138968333333334 0.20060224999999987 0.24899599999999988
0 0.5986443125 0.36066491666666667 0.1879519999999999 0.182253
0 0.780356 0.44877833333333333 0.1732499999999999 0.21133333333333332
0 0.6491684999999999 0.31594500000000003 0.16749999999999998 0.15166666666666667
0 0.6881685 0.2820283333333333 0.14825 0.124
0 0.7188559999999999 0.257695 0.13274999999999992 0.10466666666666666
0 0.809856 0.39477833333333334 0.15325 0.17900000000000005
0 0.8300434999999999 0.35327833333333336 0.13150000000000006 0.13733333333333336
0 0.09290775 0.37092733333333333 0.06349999999999999 0.14266666666666666
0 0.08884525 0.2944273333333333 0.05199999999999999 0.09966666666666663
0 0.13890775 0.257594 0.06050000000000001 0.08533333333333334
0 0.15209525 0.3221773333333333 0.07825 0.1256666666666666
0 0.2012724375 0.21525841666666667 0.0915 0.08888900000000002
0 0.2719599375 0.17120291666666665 0.09508325000000001 0.07533333333333334
0 0.22535575 0.2682306666666667 0.11475000000000002 0.12233333333333332
0 0.30923075 0.21489733333333333 0.12799999999999997 0.09966666666666665
0 0.33718025 0.13688566666666666 0.10225000000000001 0.058333333333333334
0 0.38686775 0.17288566666666666 0.13174999999999998 0.07700000000000001
0 0.029161 0.21334733333333333 0.0326665 0.04444466666666663
0 0.023036062500000003 0.24229166666666668 0.04016675 0.05422233333333337
0 0.054452625000000004 0.2190695 0.03333325 0.051555666666666666
0 0.057036 0.19290283333333333 0.0311665 0.04222199999999998
0 0.087661 0.19573616666666666 0.03733325000000001 0.05288866666666667
0 0.0877026875 0.17156949999999999 0.034 0.04133333333333333
0 0.12403600000000001 0.1704585 0.04066675 0.04755533333333334
0 0.121161 0.15023625 0.035666500000000004 0.037111000000000005
0 0.1604526875 0.14673616666666667 0.04350024999999999 0.04311100000000001
0 0.154202625 0.1299585 0.037500000000000006 0.032444333333333325
