0 0.1414753125 0.7350405833333333 0.1786665 0.20977766666666653
0 0.1415588125 0.6139294166666667 0.16533325 0.1884446666666666
0 0.14755875 0.51715175 0.147 0.15999999999999998
0 0.3082986875 0.27768716666666665 0.12633349999999996 0.07733333333333334
0 0.302423625 0.24824274999999998 0.11150000000000002 0.06488866666666662
0 0.29888193750000003 0.22479833333333332 0.1015 0.053333333333333344
0 0.29600706250000003 0.20468725 0.09283350000000001 0.048666666666666664
0 0.925958375 0.7093913333333333 0.136 0.24844433333333338
0 0.8670416875 0.6097245833333333 0.14566650000000003 0.20933333333333337
0 0.8072083125 0.517058 0.15800000000000003 0.17777766666666667
0 0.9768666875 0.6118520000000001 0.06267774999999998 0.16399999999999992
0 0.93232225 0.5182408333333334 0.09466649999999988 0.13999999999999996
0 0.881988875 0.4484075 0.10333350000000008 0.11644433333333332
0 0.747738875 0.43685183333333333 0.16066649999999993 0.13733333333333336
0 0.8299056250000001 0.3869073333333333 0.11266675000000004 0.09133333333333338
0 0.6064965 0.2744175833333333 0.13833324999999996 0.067111
0 0.5728298125 0.23952858333333332 0.1336664999999999 0.05466666666666667
0 0.5442465 0.210973 0.12033324999999995 0.04666666666666669
0 0.5200381875 0.18869516666666666 0.10966674999999998 0.03977800000000001
0 0.4989548125 0.16991741666666665 0.10016674999999997 0.0355553333333333
0 0.6960798125 0.2527508333333333 0.1126665 0.04577766666666663
0 0.66007975 0.22225075 0.10933349999999997 0.035778000000000004
0 0.6281631875 0.196973 0.10233324999999993 0.02933333333333335
0 0.5986215 0.17619516666666665 0.09466674999999991 0.025333333333333347
0 0.5753714999999999 0.15841741666666667 0.08933325000000003 0.022222333333333316
0 0.956782125 0.37348183333333335 0.06116650000000001 0.067778
0 0.9771595 0.35237066666666667 0.047676249999999976 0.05333333333333329
0 0.944907125 0.31759291666666667 0.05450024999999992 0.04488866666666669
0 0.9200738749999999 0.33303725 0.06700000000000006 0.05599999999999994
0 0.8834071875 0.29659283333333336 0.06766675 0.046444333333333365
0 0.9121988125 0.2861761666666667 0.057333499999999926 0.038111000000000006
0 0.8482405 0.2635929166666667 0.07166675 0.03955566666666668
0 0.8801988125 0.25698175 0.057666500000000065 0.032666999999999974
0 0.821907125 0.2079261666666667 0.06333325000000001 0.02311100000000002
0 0.794073875 0.1877595 0.059333250000000004 0.01888899999999996
0 0.7681988125 0.16987066666666667 0.06366650000000007 0.018666666666666692
0 0.7441155 0.1537595 0.060166749999999936 0.01733333333333334
0 0.851197 0.23086833333333334 0.05500000000000005 0.02566666666666667
0 0.72185325 0.13985433333333333 0.0625 0.015499999999999986
0 0.6991032500000001 0.12735433333333335 0.05912499999999998 0.013999999999999999
0 0.678072 0.11568766666666666 0.056624999999999925 0.011999999999999997
0 0.65854075 0.10564599999999999 0.05362499999999992 0.010333333333333333
0 0.6403845 0.096396 0.050124999999999975 0.009833333333333333
0 0.59941575 0.096896 0.06424999999999992 0.009999999999999995
0 0.61672825 0.1054585 0.06437499999999996 0.010166666666666671
0 0.5830095 0.08914599999999999 0.06262499999999993 0.009833333333333333
0 0.5685095 0.082771 0.05787500000000001 0.008999999999999994
