0 0.6322363125 0.8902661666666667 0.2909092500000001 0.264157
0 0.735834875 0.78761075 0.24318174999999986 0.3343433333333333
0 0.787539375 0.6782674166666667 0.20378774999999993 0.27676766666666675
0 0.8238060625000001 0.591853 0.17566650000000006 0.22977766666666655
0 0.8483060625000001 0.5258529166666667 0.14966650000000015 0.18533333333333335
0 0.864639375 0.47407525 0.13066650000000002 0.15866666666666673
0 0.876806125 0.43363083333333335 0.11633325000000005 0.133778
0 0.88528525 0.400714 0.10649999999999993 0.12
0 0.8921290000000001 0.373464 0.09575 0.10316666666666668
0 0.897004 0.35092233333333334 0.08775 0.09416666666666668
0 0.9010352500000001 0.331714 0.08074999999999999 0.08416666666666667
0 0.084188 0.6533973333333334 0.10224999999999998 0.27866666666666673
0 0.1607505 0.5851473333333334 0.12824999999999998 0.26266666666666666
0 0.243438 0.517064 0.15175000000000002 0.23900000000000005
0 0.3270005 0.45223066666666667 0.16875 0.20833333333333331
0 0.4041255 0.395314 0.17425000000000002 0.174
0 0.0683755 0.4884806666666667 0.0645 0.17033333333333328
0 0.1302505 0.43689733333333336 0.07874999999999999 0.15433333333333332
0 0.195688 0.387064 0.09475 0.13566666666666666
0 0.261938 0.341814 0.10874999999999999 0.1156666666666667
0 0.324813 0.30323066666666665 0.11650000000000005 0.09733333333333333
0 0.4697505 0.35014733333333337 0.17075 0.14500000000000002
0 0.382813 0.271564 0.11875000000000002 0.08199999999999999
0 0.4342505 0.24523066666666665 0.1205 0.07100000000000004
0 0.480938 0.22448066666666666 0.1205 0.062
0 0.526438 0.3149806666666667 0.16399999999999998 0.12333333333333335
0 0.573813 0.28648066666666666 0.15174999999999994 0.10499999999999998
0 0.6127505 0.26423066666666667 0.14 0.09333333333333335
0 0.644063 0.24639733333333333 0.12874999999999992 0.08233333333333334
0 0.522188 0.20739733333333332 0.11324999999999996 0.05533333333333332
0 0.556563 0.19389733333333334 0.10625000000000007 0.04899999999999999
0 0.6712505 0.23223066666666667 0.12174999999999991 0.07499999999999998
0 0.695313 0.22098066666666666 0.11024999999999996 0.06766666666666668
0 0.7142505 0.21073066666666668 0.10199999999999998 0.063
0 0.6157505 0.173814 0.09549999999999992 0.044333333333333336
0 0.6377505 0.16614733333333334 0.08699999999999997 0.04166666666666666
0 0.024135125000000004 0.7088650833333333 0.05873575 0.2746666666666666
0 0.019367875 0.5329763333333334 0.040069 0.16133333333333333
0 0.029694 0.35142066666666666 0.048 0.08966666666666667
0 0.0707356875 0.3193373333333333 0.04425 0.08100000000000002
0 0.036569000000000004 0.30475399999999997 0.04125 0.063
0 0.073194 0.27792066666666665 0.040749999999999995 0.06166666666666665
0 0.148569 0.2275873333333333 0.043999999999999984 0.04766666666666669
0 0.200569 0.23217066666666664 0.061 0.05666666666666667
0 0.1867565 0.20550399999999996 0.04924999999999999 0.04033333333333333
0 0.1570065 0.2585873333333333 0.05399999999999999 0.0653333333333333
0 0.224569 0.18525399999999997 0.05325000000000002 0.035999999999999976
0 0.244194 0.20914291666666665 0.06550000000000006 0.05099999999999999
0 0.32488150000000005 0.171504 0.07274999999999998 0.03899999999999998
0 0.294069 0.15283733333333333 0.05725000000000002 0.02833333333333332
0 0.3620065 0.15642066666666665 0.07550000000000001 0.0353333333333333
0 0.3976315 0.14417066666666667 0.07624999999999998 0.032
0 0.430194 0.13383733333333334 0.07550000000000001 0.029333333333333336
0 0.32750650000000003 0.139004 0.06474999999999997 0.025333333333333347
0 0.36006900000000003 0.127254 0.0635 0.02366666666666667
0 0.389819 0.11733733333333334 0.0655 0.022333333333333344
0 0.2604440625 0.16786508333333333 0.055666750000000015 0.031777666666666676
0 0.2856316875 0.18919841666666665 0.07049999999999995 0.04422233333333331
0 0.1106940625 0.2517540833333333 0.03949999999999999 0.05377766666666664
0 0.1130274375 0.28797625 0.0466665 0.07311099999999998
