0 0.592439875 0.8348589166666667 0.26867450000000004 0.32888966666666675
0 0.48355431249999997 0.7351666666666667 0.25722899999999993 0.32530133333333344
0 0.40158143749999997 0.6335903333333334 0.23113249999999996 0.2676063333333334
0 0.3402350625 0.5507911666666667 0.20090975000000003 0.21420100000000009
0 0.29700150000000003 0.4889296666666667 0.17450000000000004 0.1693333333333334
0 0.2643765 0.442513 0.1535 0.13666666666666666
0 0.2388765 0.40567966666666666 0.135 0.11599999999999999
0 0.218814 0.3755963333333333 0.11875000000000002 0.09999999999999998
0 0.369189 0.32017966666666664 0.127 0.07666666666666666
0 0.4051265 0.34359633333333334 0.1365 0.08833333333333332
0 0.449189 0.37442966666666666 0.1484999999999999 0.10733333333333328
0 0.5670431874999999 0.46223516666666664 0.16749999999999987 0.156667
0 0.502314 0.4139575 0.15883324999999998 0.12888899999999998
0 0.81166825 0.6557630000000001 0.13375000000000004 0.2476666666666667
0 0.7257099375 0.5843740833333333 0.14900000000000002 0.220889
0 0.6432100000000001 0.5193741666666667 0.16400000000000003 0.18755566666666662
0 0.8955433125000001 0.7265963333333334 0.11299999999999999 0.26355566666666674
0 0.8107933125 0.3743741666666667 0.07166675000000011 0.0897776666666667
0 0.8638766250000001 0.4097075 0.06133350000000004 0.10133333333333333
0 0.916376625 0.44815191666666665 0.05533324999999989 0.11111100000000002
0 0.9661474375 0.4866796666666666 0.05416675000000004 0.12111099999999997
0 0.75779325 0.34170733333333336 0.0804999999999999 0.07800000000000007
0 0.7067932499999999 0.31304066666666663 0.08725000000000005 0.06733333333333336
0 0.6591683125000001 0.2878463333333333 0.09116675000000007 0.05811133333333335
0 0.6150224375 0.26667966666666665 0.09299999999999997 0.049555666666666665
0 0.573334875 0.24881858333333334 0.09416675000000008 0.044222333333333336
0 0.5360432500000001 0.23329333333333332 0.08833350000000006 0.04044466666666666
0 0.5028975625 0.22060633333333332 0.08783350000000001 0.038000000000000006
0 0.33769225 0.2994576666666667 0.11750000000000005 0.0693333333333333
0 0.20350475 0.3512076666666667 0.10775000000000001 0.08500000000000002
0 0.19015074999999998 0.33112433333333335 0.09825 0.07766666666666666
0 0.17958824999999998 0.3137076666666667 0.08775000000000002 0.06933333333333336
0 0.1714945 0.29979100000000003 0.081125 0.06233333333333335
0 0.164150625 0.28701308333333336 0.0766665 0.05822233333333332
0 0.473440875 0.21009616666666667 0.08250000000000007 0.03511100000000003
0 0.44744087499999996 0.20159608333333334 0.08083350000000006 0.03177799999999997
0 0.4241908125 0.19437383333333336 0.07983325000000002 0.029555666666666675
0 0.403065875 0.18831833333333334 0.07566650000000003 0.02711133333333332
0 0.3846908125 0.18342941666666668 0.07100000000000001 0.025555666666666615
0 0.367274125 0.17937391666666666 0.06816649999999996 0.023111333333333317
0 0.80302425 0.22739033333333336 0.03212500000000007 0.019833333333333314
0 0.7770555000000001 0.215182 0.03425 0.017500000000000016
0 0.7513679375 0.20416800000000002 0.035833500000000074 0.01611133333333334
0 0.726784625 0.19430691666666666 0.035166750000000135 0.014000000000000012
0 0.7036595625 0.18527908333333334 0.036250000000000004 0.012666666666666687
0 0.829097 0.240279 0.029249999999999998 0.02099999999999999
0 0.8554616875000001 0.25414025 0.028916750000000158 0.024222333333333346
0 0.88213875 0.2691403333333333 0.02675000000000005 0.026000000000000023
0 0.9118679375000001 0.2872514166666667 0.03641675000000011 0.03433333333333333
0 0.94558675 0.3092373333333333 0.0378750000000001 0.03649999999999998
0 0.68007675 0.17691158333333332 0.03916675000000014 0.011110999999999982
0 0.752583875 0.18403325 0.03200000000000003 0.012444333333333307
0 0.7743964375 0.19261658333333334 0.029333500000000012 0.014000000000000012
0 0.79554225 0.201811 0.028000000000000025 0.01544466666666669
0 0.81704225 0.211561 0.02650000000000008 0.016666666666666663
0 0.8383547499999999 0.22203325000000002 0.024416499999999952 0.019444666666666693
0 0.859511375 0.23312458333333333 0.023083499999999924 0.01899999999999999
0 0.7321364375 0.17612450000000002 0.02933325000000009 0.010333333333333333
