0 0.1261925625 0.931869 0.1536145 0.18365166666666666
0 0.24667450000000002 0.8805345 0.26927725 0.29529799999999995
0 0.3716745 0.7859561666666667 0.28855425 0.408551
0 0.47062031249999997 0.6555050833333333 0.2837349999999999 0.3574296666666667
0 0.5570660625 0.5402440833333334 0.2626505 0.2931726666666666
0 0.6219756875 0.44928016666666665 0.22951825000000003 0.22811266666666663
0 0.0659546875 0.74867775 0.1349275 0.31004
0 0.1460720625 0.6547018333333333 0.16626525 0.31084333333333347
0 0.2341745 0.5551035 0.17710849999999997 0.28032133333333337
0 0.3218250625 0.46494283333333336 0.19156625000000002 0.2329316666666667
0 0.403150375 0.385224 0.19578325000000002 0.19759033333333337
0 0.471222625 0.32237258333333335 0.18493975000000007 0.15261066666666673
0 0.125817 0.31127083333333333 0.07766699999999997 0.10533366666666671
0 0.1091503125 0.2629375 0.062 0.07688899999999999
0 0.18240024999999999 0.2649375 0.08499975000000001 0.08755566666666667
1 0.1573169375 0.22649291666666665 0.06666675000000002 0.06711133333333333
0 0.20265025 0.192882 0.07066650000000002 0.059555666666666646
0 0.23635868750000003 0.22432633333333335 0.09433325000000004 0.07666633333333336
1 0.9175241875 0.25771883333333334 0.05116675000000015 0.06999999999999998
0 0.8686075 0.2168855 0.055833249999999945 0.06333333333333335
0 0.8173575 0.1788855 0.06433350000000004 0.05355566666666667
0 0.7689825 0.14699658333333332 0.06366649999999996 0.04133333333333336
