0 0.708080875 0.8787907500000001 0.2643565 0.26271199999999995
1 0.5115348125 0.6867544166666667 0.2740114999999999 0.31763966666666676
1 0.3419409375 0.49981383333333335 0.18373500000000004 0.22491566666666674
1 0.24162175 0.379848 0.11975000000000002 0.14166666666666672
0 0.18205925 0.30468133333333336 0.08474999999999999 0.10566666666666669
0 0.1442675 0.25420899999999996 0.0595 0.07266666666666666
0 0.12095500000000001 0.2200423333333333 0.04575 0.05733333333333332
0 0.10583 0.196709 0.03475 0.04100000000000001
0 0.5222675 0.354709 0.2087500000000001 0.1736666666666667
0 0.38339249999999997 0.2618756666666667 0.14475 0.10400000000000004
0 0.295455 0.20945899999999998 0.10049999999999998 0.06666666666666665
0 0.23776750000000002 0.17712566666666665 0.07299999999999995 0.05033333333333331
0 0.19970500000000002 0.156459 0.05449999999999999 0.035999999999999976
0 0.17314250000000003 0.142209 0.04500000000000001 0.03133333333333335
1 0.15201750000000003 0.130209 0.037750000000000006 0.027666666666666673
