0 0.8241525000000001 0.7200250833333333 0.2062147500000001 0.16823566666666667
1 0.3983050625 0.6151914166666667 0.2514124999999999 0.20213433333333342
1 0.2233991875 0.5505335833333334 0.17419975000000001 0.15693666666666667
1 0.11464212500000001 0.50408025 0.11676075000000001 0.1155053333333333
1 0.8145009375000001 0.3725674166666667 0.12146900000000005 0.15191466666666664
0 0.739642125 0.3502824166666667 0.12900175000000003 0.15065933333333337
1 0.6593690625 0.32799758333333334 0.12146875000000001 0.14438166666666663
1 0.573917125 0.31042058333333333 0.10451974999999991 0.1280603333333333
1 0.49199625 0.29715016666666666 0.08757075000000003 0.11856966666666666
1 0.415809875 0.28880041666666667 0.08757075000000003 0.11033533333333334
0 0.3475694375 0.28585458333333336 0.08455874999999996 0.10018999999999997
0 0.2892349375 0.28416033333333335 0.08383325 0.09422233333333332
0 0.24144325 0.2838825833333333 0.08049999999999996 0.08977766666666664
0 0.20019325 0.2844380833333333 0.0803335 0.08711100000000002
0 0.16436 0.28727141666666667 0.07483325000000002 0.08488900000000002
1 0.1344433125 0.29099375 0.07083325 0.08199999999999999
0 0.108609875 0.29532691666666666 0.06633324999999998 0.07822233333333334
1 0.08394325 0.3008825 0.06183325000000001 0.07400000000000001
