0 0.61550925 0.9193344999999999 0.304 0.22666433333333336
1 0.7325092499999999 0.8218350833333333 0.259 0.33999766666666664
0 0.78838425 0.705669 0.21899999999999997 0.2833333333333333
1 0.82525925 0.6118356666666667 0.18400000000000005 0.236
0 0.8499260000000001 0.5362245 0.16066675000000008 0.19200000000000006
0 0.8669260625 0.4771133333333333 0.14100000000000001 0.14666666666666667
0 0.878134375 0.43478 0.124 0.12422199999999994
0 0.8864260625 0.4003910833333333 0.11183325 0.11022233333333326
0 0.892676 0.37166883333333334 0.10083324999999999 0.09333300000000005
0 0.8975926875000001 0.3491133333333333 0.09216674999999996 0.08311099999999999
0 0.901301 0.3307800833333333 0.08466675000000001 0.0735553333333333
0 0.904301 0.31494675 0.07850000000000001 0.06866666666666671
1 0.0795251875 0.6999255833333333 0.1005 0.273111
1 0.1557751875 0.63237 0.12483325 0.2586666666666668
0 0.23723349999999999 0.5625366666666667 0.146 0.23466666666666675
0 0.31860849999999996 0.49537 0.1615 0.2033333333333333
1 0.39573349999999996 0.4362033333333333 0.16850000000000004 0.17133333333333334
0 0.4627335 0.38620333333333334 0.16650000000000004 0.14399999999999996
1 0.520546 0.3457866666666667 0.15900000000000009 0.11799999999999994
0 0.5692335000000001 0.3145366666666667 0.1472500000000001 0.09833333333333333
1 0.6082335000000001 0.2882866666666667 0.135 0.08666666666666667
1 0.6403585 0.26770333333333335 0.12525000000000008 0.07566666666666669
0 0.6682751875 0.2513700833333333 0.11516649999999995 0.06755566666666665
0 0.6919835625 0.23792558333333336 0.10400000000000009 0.060889000000000026
0 0.711191875 0.22692566666666666 0.09550000000000003 0.05555566666666667
0 0.726816875 0.21737016666666667 0.08916650000000004 0.05088899999999999
1 0.740816875 0.20948125 0.08433350000000006 0.046444333333333365
1 0.0645668125 0.5381478333333334 0.06433349999999999 0.1724443333333333
0 0.12640018749999998 0.4843700833333333 0.07999999999999997 0.15911099999999995
1 0.191400125 0.43348125000000004 0.09233325000000003 0.140889
0 0.2564835 0.38659241666666666 0.10833325000000005 0.1226666666666667
1 0.3191501875 0.34503675 0.11633325000000005 0.10355566666666666
1 0.3782335 0.31014783333333334 0.12133324999999995 0.08666666666666667
1 0.43190018750000003 0.28037008333333335 0.12233349999999998 0.07511100000000001
1 0.479400125 0.25637008333333333 0.12033349999999998 0.06577799999999995
1 0.5194835625 0.23614791666666668 0.11399999999999999 0.058222333333333376
0 0.5535042499999999 0.21992566666666669 0.10999999999999993 0.05100000000000002
0 0.58425425 0.20692566666666667 0.10675000000000001 0.04733333333333331
1 0.61112925 0.19642566666666667 0.10099999999999998 0.04466666666666666
0 0.6340042499999999 0.18792566666666669 0.09424999999999994 0.04100000000000001
1 0.653848 0.18084233333333333 0.09000000000000008 0.03833333333333336
0 0.6722854999999999 0.17471733333333334 0.08350000000000002 0.03416666666666668
1 0.06923043749999999 0.3623265 0.042833249999999996 0.08311099999999999
0 0.073230375 0.3136043333333333 0.03883325 0.06888899999999998
0 0.11060543750000001 0.330771 0.045999750000000006 0.07644433333333334
1 0.10856374999999999 0.28943766666666665 0.03949999999999999 0.06244466666666665
1 0.153730375 0.30077108333333336 0.05349999999999999 0.0693333333333333
0 0.14568875 0.26593775000000003 0.04350000000000001 0.051333333333333314
0 0.1824386875 0.24377100000000002 0.04849999999999999 0.046222333333333365
0 0.19681381250000002 0.2728820833333333 0.0595 0.06177766666666665
1 0.239272125 0.24782658333333332 0.06500000000000003 0.05333366666666664
1 0.2188554375 0.22260433333333332 0.05316649999999998 0.03888900000000001
1 0.25498037500000004 0.20421541666666668 0.05666650000000001 0.03466666666666665
0 0.2798970625 0.22593775 0.06883325000000001 0.04622200000000001
0 0.2902304375 0.18765991666666665 0.061500250000000034 0.03
1 0.32023037499999996 0.20677099999999998 0.0748335 0.04133333333333333
0 0.32306375000000004 0.17265975 0.06016675000000005 0.02733333333333332
0 0.357897 0.18965991666666665 0.07266649999999997 0.03644433333333333
0 0.39243875 0.17560425 0.07933325000000002 0.03199999999999997
0 0.35414706250000005 0.15982666666666667 0.06133324999999995 0.02244399999999999
1 0.42593875000000003 0.16432650000000001 0.07983350000000006 0.028888666666666646
0 0.385230375 0.14960433333333334 0.06633350000000005 0.019777666666666693
0 0.4581471875 0.15410433333333334 0.07766675 0.02688899999999997
1 0.4161054375 0.14043766666666668 0.066 0.018666666666666665
0 0.44243875 0.132382 0.0665 0.01755566666666669
1 0.4867721875 0.14588208333333333 0.07150000000000001 0.022666333333333344
1 0.466772 0.12560441666666666 0.06416674999999994 0.01622233333333334
1 0.5112304375000001 0.13904883333333332 0.07016675 0.024222333333333346
