0 0.5936445 0.47355400000000003 0.09850000000000003 0.15233333333333332
0 0.5276445 0.4412206666666667 0.11175000000000002 0.14333333333333337
0 0.463707 0.40997066666666665 0.12174999999999997 0.1293333333333333
0 0.4055195 0.3824706666666667 0.12724999999999997 0.1186666666666667
0 0.3513945 0.358054 0.1305 0.10866666666666669
1 0.0780195625 0.259193 0.06849999999999999 0.037889000000000034
1 0.09037375 0.26338741666666665 0.07541675 0.04033333333333333
1 0.10449875 0.2681375 0.08008325 0.042444333333333306
1 0.1196238125 0.2735818333333333 0.08408325000000001 0.045555666666666605
1 0.13712375 0.2800263333333333 0.08866675 0.04888866666666669
1 0.158227875 0.28741525 0.095 0.05355566666666667
0 0.1827695625 0.29674849999999997 0.10216675 0.05800000000000005
1 0.21093618749999998 0.30713741666666666 0.10933324999999999 0.06288900000000003
0 0.24389462499999998 0.31985966666666665 0.11933324999999995 0.07422200000000001
0 0.3045405 0.336693 0.12399999999999997 0.09466666666666668
0 0.7386557499999999 0.5132426666666667 0.06174999999999997 0.131
0 0.79428075 0.5362426666666666 0.062249999999999917 0.13200000000000006
0 0.127612875 0.8338186666666667 0.21325325 0.3168896666666666
1 0.037671875 0.5672493333333334 0.09246875 0.1383333333333333
1 0.022296875 0.5105826666666666 0.05796875 0.09966666666666674
0 0.0639765625 0.6984993333333334 0.14696875 0.256
