0 0.3340395625 0.8443973333333333 0.3032015 0.3204646666666666
0 0.5466101875 0.6390458333333333 0.27777774999999993 0.3226616666666666
0 0.704096 0.46359066666666665 0.18455749999999993 0.2222223333333333
0 0.0692090625 0.6098555833333333 0.10828625 0.19962333333333337
0 0.134887 0.54017575 0.12900174999999997 0.18079100000000004
0 0.2095103125 0.47300691666666667 0.15442575 0.1644693333333333
0 0.288371 0.40646574999999996 0.17890775000000003 0.14940366666666666
0 0.3658191875 0.34306333333333333 0.18644075 0.12931600000000004
0 0.439736375 0.29033275000000003 0.18832399999999994 0.11048333333333338
0 0.5077683125 0.24607658333333332 0.17890774999999998 0.094162
0 0.5645009375 0.21060891666666667 0.16195850000000006 0.0778406666666667
0 0.8410967500000001 0.288019 0.09375 0.10566666666666663
0 0.87697175 0.23893566666666669 0.0665 0.07500000000000001
0 0.89865925 0.20718566666666666 0.05174999999999996 0.053333333333333316
