1 0.5735375625 0.85803125 0.28313275000000004 0.28781899999999994
1 0.638296625 0.7404940833333333 0.24939750000000005 0.28433733333333333
0 0.689537625 0.632272 0.20674325000000005 0.22775899999999993
1 0.7247574375 0.5487979166666667 0.17466674999999998 0.1786666666666667
1 0.7492781875 0.48615908333333335 0.15100000000000002 0.14477766666666675
0 0.7670907499999999 0.4356313333333333 0.13224999999999998 0.11733333333333329
0 0.78096575 0.395548 0.11775000000000002 0.09666666666666668
1 0.7921532499999999 0.3642146666666667 0.10375000000000001 0.07966666666666666
1 0.11734325000000001 0.6283484166666666 0.10266675 0.1986663333333335
0 0.1885933125 0.5610149166666667 0.11966674999999996 0.17955566666666672
0 0.260093375 0.4981260833333333 0.12833350000000004 0.14799999999999996
0 0.32700993749999996 0.44101508333333334 0.13433324999999996 0.12888899999999992
0 0.38625981249999997 0.39279291666666666 0.12866675000000005 0.10044433333333336
1 0.4387599375 0.35457058333333336 0.12733325 0.0875556666666667
0 0.048451812500000004 0.6984626666666667 0.09593575 0.21399999999999997
0 0.484956625 0.32179616666666666 0.11791650000000004 0.07044466666666666
1 0.52199825 0.29674066666666665 0.11174999999999996 0.061
0 0.55387325 0.27599066666666666 0.10575000000000001 0.05199999999999999
0 0.57943575 0.2602406666666667 0.09375 0.041666666666666685
1 0.6004357499999999 0.24849066666666667 0.08899999999999997 0.039000000000000035
1 0.892923 0.80039 0.14900000000000002 0.22666666666666668
1 0.905673 0.6955566666666667 0.12649999999999995 0.19899999999999995
0 0.912048 0.6075566666666667 0.11150000000000004 0.17333333333333334
1 0.913673 0.54089 0.10175000000000001 0.13033333333333336
0 0.9128605000000001 0.49139 0.09300000000000008 0.11499999999999999
0 0.910173 0.44414 0.08425000000000005 0.10233333333333333
0 0.9072355 0.40614000000000006 0.0747500000000001 0.07933333333333331
1 0.906048 0.38055666666666665 0.07100000000000006 0.064
1 0.903923 0.35989000000000004 0.06674999999999998 0.05900000000000005
1 0.9018605 0.34164 0.0615 0.053333333333333344
0 0.899548 0.32405666666666666 0.057499999999999996 0.052000000000000046
1 0.22101150000000003 0.266663 0.05762500000000001 0.03899999999999998
0 0.2570115 0.24691300000000002 0.060624999999999984 0.03366666666666665
1 0.29066775 0.22937133333333334 0.05874999999999997 0.03
1 0.32304275000000005 0.21399633333333334 0.0635 0.027500000000000024
1 0.35766775 0.19924633333333333 0.06812499999999999 0.027166666666666672
0 0.38807400000000003 0.18612133333333336 0.05787500000000001 0.020333333333333314
