0 0.784215 0.8492949166666667 0.22413250000000007 0.32937933333333336
0 0.6732541249999999 0.7547573333333333 0.24457825 0.38072300000000003
0 0.5705433125 0.6407010833333333 0.26204825000000004 0.3453813333333333
0 0.4761968125 0.5338189166666667 0.2548192499999999 0.2869666666666667
0 0.40061956249999997 0.4440846666666667 0.23178725 0.2281123333333333
0 0.341718 0.375424 0.20550000000000002 0.1813333333333333
0 0.2954055 0.32275733333333334 0.17750000000000002 0.14933333333333332
0 0.262218 0.28361858333333334 0.1503335 0.1227776666666667
0 0.2379471875 0.2530906666666667 0.13825000000000004 0.10422233333333333
0 0.1193013125 0.34009066666666665 0.13366650000000002 0.13599999999999995
0 0.13213468750000001 0.384424 0.14933325000000003 0.15955566666666665
0 0.151384625 0.44153508333333336 0.17266674999999998 0.19777799999999995
0 0.1789679375 0.5165351666666667 0.20233325 0.24399999999999994
0 0.22180131250000001 0.6153128333333333 0.24066675000000004 0.30177766666666667
0 0.28638475 0.7417573333333334 0.286 0.36577766666666667
0 0.8860405 0.9030966666666667 0.14350000000000007 0.2264733333333333
0 0.1091545 0.3046683333333333 0.11900000000000002 0.1136666666666667
0 0.217842 0.22791833333333333 0.12449999999999997 0.09033333333333332
0 0.5526123125 0.16506133333333334 0.11599999999999999 0.05666666666666664
0 0.603070625 0.19345016666666667 0.10716674999999998 0.06466666666666665
0 0.656029 0.22600575 0.10999999999999999 0.07822233333333331
0 0.713737375 0.26539475 0.10333349999999997 0.09222233333333332
0 0.773029 0.31161683333333334 0.0926665000000001 0.11022233333333331
0 0.8324873125000001 0.3627835833333334 0.08033325000000002 0.12755566666666668
