0 0.228033 0.8615945 0.262048 0.21526099999999992
0 0.240683625 0.6937015833333333 0.24638575000000001 0.17028100000000002
1 0.260229875 0.5530643333333333 0.228 0.13066666666666665
0 0.2813965 0.4431755833333333 0.2 0.09999999999999998
1 0.30014643750000003 0.36106441666666667 0.17866675000000004 0.07777766666666669
1 0.31687556250000004 0.29959233333333335 0.15616675000000002 0.063
1 0.3302715 0.25217558333333334 0.13899999999999996 0.05111133333333334
1 0.3413965 0.21512 0.12366650000000007 0.04155566666666666
1 0.351157 0.18555066666666667 0.110875 0.033833333333333354
0 0.35925074999999995 0.16159233333333334 0.09987499999999999 0.027333333333333376
0 0.36606325 0.14142566666666667 0.09162499999999996 0.021166666666666667
0 0.49285481249999996 0.3575089166666667 0.08433349999999995 0.11288866666666669
0 0.478604875 0.2330645 0.056999999999999995 0.07822233333333328
0 0.472104875 0.15928675 0.043333250000000045 0.047110999999999986
0 0.467709 0.11346733333333332 0.03512499999999996 0.03133333333333334
0 0.46552150000000003 0.08696733333333333 0.03175 0.021166666666666667
1 0.37211525 0.12414791666666666 0.08524999999999999 0.017999999999999988
1 0.8702222500000001 0.9057185833333334 0.22150000000000003 0.20348633333333332
0 0.8076806875 0.7660690833333332 0.2216667499999999 0.2275556666666665
0 0.7710140624999999 0.6251801666666668 0.21233324999999992 0.17422233333333326
0 0.7355973124999999 0.5078469166666667 0.20333349999999994 0.12711099999999997
0 0.7015140625 0.41195800000000005 0.19166675 0.09777799999999992
0 0.671764 0.33751366666666666 0.17225000000000001 0.06777766666666668
0 0.6476597500000001 0.28187466666666666 0.15574999999999994 0.05066666666666669
0 0.62797225 0.23854133333333336 0.14349999999999996 0.040666666666666684
0 0.61103475 0.20379133333333332 0.13049999999999995 0.03133333333333335
0 0.5976598125 0.17679133333333336 0.12149999999999994 0.024444333333333318
0 0.586389 0.15495799999999998 0.11433324999999994 0.021555333333333315
0 0.5764723125 0.13651358333333335 0.10699999999999998 0.019333333333333313
0 0.56755575 0.12055533333333333 0.10062499999999996 0.016499999999999987
0 0.5591807499999999 0.10676366666666667 0.09375 0.013333333333333322
0 0.55180575 0.09538866666666666 0.08750000000000002 0.01083333333333332
0 0.54549325 0.08568033333333333 0.08200000000000007 0.00966666666666667
0 0.540087 0.077097 0.07624999999999993 0.007500000000000007
0 0.37711487499999996 0.10986825 0.08049999999999996 0.01622233333333334
1 0.381021 0.09775733333333333 0.075125 0.012999999999999998
0 0.384021 0.08788233333333334 0.07150000000000001 0.011166666666666672
1 0.38655225000000004 0.07900733333333333 0.0675 0.010166666666666671
0 0.570012 0.8984379166666667 0.15999999999999992 0.21230499999999997
