0 0.30352075 0.924836 0.18275000000000002 0.1894946666666666
1 0.44433325 0.8837956666666666 0.25549999999999995 0.27116133333333325
0 0.57033325 0.812172 0.2445 0.3440000000000001
0 0.6623332500000001 0.716672 0.22250000000000003 0.29799999999999993
1 0.7310207500000001 0.6333616666666667 0.19174999999999998 0.2443333333333334
0 0.78652075 0.5586116666666667 0.1775 0.21099999999999997
0 0.8260832499999999 0.5017783333333333 0.13975000000000004 0.14933333333333332
1 0.85052075 0.46494500000000005 0.12124999999999997 0.1356666666666667
1 0.87002075 0.4333616666666667 0.10824999999999996 0.12033333333333329
0 0.8859582500000001 0.4063616666666667 0.09825000000000006 0.10400000000000004
1 0.89845825 0.3856116666666667 0.08800000000000008 0.08733333333333332
1 0.90770825 0.369695 0.07900000000000007 0.07999999999999996
0 0.1438173125 0.7229033333333333 0.11033325000000001 0.2546666666666667
1 0.234484 0.6669033333333334 0.12799999999999997 0.2466666666666667
1 0.32873399999999997 0.6054586666666666 0.15533325000000003 0.23111099999999996
1 0.421734 0.5460144166666666 0.16333324999999993 0.20177766666666658
0 0.5044006875 0.49245875 0.16833325 0.17200000000000004
0 0.5737340625 0.44656999999999997 0.15633325000000003 0.14266666666666666
0 0.635734 0.4050143333333333 0.16133324999999987 0.13377766666666674
1 0.688484 0.37090325 0.12933325000000007 0.10488900000000001
0 0.7242339375 0.34868099999999996 0.11699999999999999 0.08799999999999997
1 0.7524839375 0.33068108333333335 0.10533350000000008 0.07911100000000004
1 0.776619375 0.31593108333333336 0.09699999999999998 0.06955566666666668
1 0.1016861875 0.42369999999999997 0.059 0.10977766666666672
0 0.1521445625 0.39147766666666667 0.05783325000000002 0.101111
0 0.2073111875 0.3597555 0.0665 0.09422200000000003
1 0.264227875 0.329811 0.0716665 0.0844443333333334
1 0.3199778125 0.30308883333333336 0.08266674999999996 0.07577799999999996
0 0.37381118750000003 0.279811 0.08550000000000002 0.065111
1 0.4245195 0.26042208333333333 0.09133349999999996 0.05888866666666667
0 0.4713945625 0.2446444166666667 0.08916675000000002 0.05044433333333334
0 0.513811125 0.23192216666666665 0.09049975000000005 0.04622233333333334
0 0.5524778125 0.22125541666666668 0.08550000000000002 0.04155533333333333
1 0.586561125 0.21225541666666667 0.08666649999999998 0.03933333333333333
