0 0.5597005 0.8970408333333333 0.2990000000000001 0.2470566666666667
0 0.4495755 0.7807766666666667 0.27150000000000013 0.31599999999999995
0 0.3844505 0.6562766666666666 0.23950000000000005 0.2559999999999999
0 0.3019505 0.46638783333333333 0.17516675 0.1657776666666666
0 0.33657549999999997 0.55011 0.20599999999999996 0.21266666666666667
0 0.2764921875 0.4035545833333333 0.1531665 0.13333333333333341
0 0.2586171875 0.35572116666666664 0.12983324999999996 0.10511100000000001
0 0.24595050000000002 0.32144341666666665 0.11833325 0.08955566666666664
0 0.23486718750000002 0.2907766666666667 0.10716675000000003 0.08133333333333331
0 0.1544088125 0.8337211666666666 0.18133325 0.2577776666666667
0 0.129388 0.7062768333333334 0.1510835 0.2182223333333333
0 0.11765875 0.6035823333333333 0.12975 0.19066666666666654
0 0.11209625 0.5235823333333334 0.1175 0.15766666666666662
0 0.11040875 0.4608323333333334 0.10625 0.135
0 0.11015875 0.41133233333333336 0.09724999999999999 0.11133333333333334
0 0.947377125 0.676347 0.09083324999999998 0.20733333333333337
0 0.8871688125 0.5999025833333334 0.10350000000000004 0.18999999999999995
0 0.8229188125 0.5252914166666667 0.11883350000000004 0.171778
0 0.7577521875 0.45551366666666665 0.12650000000000006 0.1437776666666667
0 0.6955855 0.39362475 0.13266674999999994 0.12244433333333332
0 0.6388355625 0.34073583333333335 0.12783325000000012 0.09755566666666665
0 0.588168875 0.29806916666666666 0.12749999999999995 0.07844466666666666
0 0.544377125 0.2637359166666667 0.12050000000000005 0.06577766666666668
0 0.5066688125000001 0.23501366666666668 0.11333325000000005 0.05711099999999997
0 0.4739188125 0.2119025 0.10283349999999997 0.04977799999999999
0 0.4467938125 0.19262475 0.09616674999999997 0.04422200000000004
0 0.9754714375 0.528904 0.05370474999999997 0.1316666666666666
0 0.92767025 0.47382066666666667 0.06424999999999992 0.11633333333333329
0 0.87642025 0.41973733333333335 0.07750000000000001 0.10499999999999998
0 0.8248577500000001 0.368904 0.08125000000000004 0.08866666666666667
