0 0.33875275 0.8673826666666667 0.2475 0.22266666666666668
0 0.32575275 0.709716 0.21700000000000003 0.19600000000000006
0 0.32000275 0.5827715833333333 0.191 0.16133333333333333
0 0.318211125 0.4880494166666667 0.16733325 0.12533333333333335
0 0.3207945 0.41682725 0.14566649999999998 0.10399999999999998
0 0.321794375 0.36171616666666667 0.128 0.08844433333333335
0 0.32211731250000003 0.316994 0.11329149999999999 0.0743333333333333
0 0.3221901875 0.281855 0.09954174999999998 0.06555566666666668
0 0.322461 0.254355 0.08812500000000001 0.053833333333333344
0 0.3216485 0.23214666666666667 0.078125 0.048166666666666635
0 0.32111725 0.21293833333333334 0.069 0.04100000000000001
0 0.31974225 0.19752166666666668 0.06137500000000001 0.03416666666666665
0 0.31186725000000004 0.18506333333333336 0.06537500000000002 0.03583333333333333
0 0.30967975000000003 0.17323 0.05787500000000001 0.029666666666666702
0 0.30786725000000004 0.16356333333333334 0.053375000000000006 0.027166666666666672
0 0.30567975000000003 0.155105 0.048875 0.02416666666666667
0 0.3033985 0.14756333333333332 0.04475000000000001 0.02200000000000002
0 0.302086 0.13868833333333333 0.04325000000000001 0.017666666666666664
0 0.7216097499999999 0.44595433333333334 0.136 0.12266666666666665
0 0.73104725 0.38912100000000005 0.11775000000000002 0.10433333333333333
0 0.73735975 0.3430376666666667 0.10524999999999995 0.08766666666666662
0 0.7422347499999999 0.3054543333333334 0.09499999999999997 0.07599999999999996
0 0.74535975 0.27445433333333336 0.08675 0.06033333333333335
0 0.7480472499999999 0.24978766666666669 0.07950000000000002 0.05233333333333337
0 0.75010975 0.22920433333333334 0.07225000000000004 0.04233333333333336
0 0.7518285 0.21249600000000002 0.0668749999999999 0.03783333333333336
0 0.7531097499999999 0.1967876666666667 0.062249999999999917 0.034
0 0.5494623125 0.20786308333333334 0.09933349999999996 0.037333000000000005
0 0.5689206875 0.19097425 0.08833325000000003 0.03444433333333333
0 0.5839206875 0.176641 0.08050000000000002 0.029777666666666674
0 0.5970456875 0.16452983333333332 0.07350000000000001 0.026222333333333347
0 0.608962375 0.15380758333333333 0.06899999999999995 0.02377766666666667
0 0.619129 0.14469641666666666 0.06266675 0.020444333333333342
0 0.6273372500000001 0.13764091666666667 0.05899999999999994 0.019111000000000017
0 0.634149875 0.13086316666666667 0.05566700000000002 0.017999999999999988
0 0.486254 0.16707116666666666 0.07450000000000007 0.027555666666666673
0 0.47217062499999995 0.1554045 0.06966649999999996 0.02555566666666667
0 0.460545625 0.14501575 0.06766675000000005 0.023999999999999994
0 0.44987900000000003 0.13579341666666667 0.06433325000000001 0.021777666666666667
0 0.44035825 0.12825883333333332 0.061624999999999985 0.01974999999999999
0 0.431998875 0.12127966666666667 0.059624999999999984 0.01733333333333334
0 0.30700400000000005 0.12946 0.047750000000000015 0.016666666666666663
0 0.32666025000000004 0.11800166666666667 0.056499999999999995 0.01733333333333334
0 0.35581650000000004 0.10725166666666666 0.039000000000000035 0.013333333333333336
0 0.38034775 0.10058500000000001 0.030000000000000027 0.011499999999999996
0 0.404754 0.09537666666666667 0.03237499999999999 0.010999999999999996
0 0.42922275000000004 0.09137666666666666 0.026000000000000023 0.010166666666666657
0 0.45287900000000003 0.08866833333333334 0.028749999999999998 0.00916666666666667
0 0.479754 0.08716833333333332 0.032625000000000015 0.007666666666666669
0 0.50491025 0.08691833333333333 0.027749999999999997 0.007333333333333331
0 0.52709775 0.08762666666666666 0.02662500000000001 0.00816666666666667
0 0.551004 0.08962666666666666 0.030874999999999986 0.009999999999999995
0 0.5750977500000001 0.09229333333333334 0.029874999999999985 0.010333333333333333
0 0.982183375 0.4025435 0.04254999999999998 0.06288899999999997
0 0.9757666875000001 0.36843241666666665 0.05488324999999994 0.061111000000000026
0 0.96875425 0.3428769166666667 0.06455 0.05711133333333335
0 0.9594500625 0.32026575 0.06866675 0.06022233333333327
0 0.9493250625 0.29843241666666664 0.06483349999999988 0.05688900000000002
0 0.93899175 0.27765466666666666 0.06083325000000006 0.049777666666666665
0 0.9283251875 0.25887683333333333 0.05383349999999987 0.04088899999999998
0 0.919575125 0.24365475 0.05033349999999992 0.03422233333333333
0 0.9111168125 0.230488 0.04700000000000004 0.02888933333333335
0 0.90386675 0.21876575 0.04566674999999998 0.027777666666666673
