0 0.5919355 0.73494625 0.27177425 0.35268833333333327
0 0.66621775 0.6077096666666666 0.2350000000000001 0.296
0 0.72234275 0.4988160833333333 0.20650000000000002 0.2475743333333334
0 0.7636969375 0.4138485833333333 0.17025 0.1797776666666666
0 0.78771775 0.35915416666666666 0.1489999999999999 0.15122233333333335
0 0.807947 0.3144319166666667 0.131 0.13122233333333333
1 0.8206760000000001 0.2807096666666667 0.11524999999999996 0.11433333333333334
0 0.154002875 0.47674183333333336 0.15542175 0.241767
1 0.057617375 0.5903964166666666 0.12228925 0.2682729999999999
0 0.2606294375 0.36810725 0.18192775 0.19999999999999996
0 0.350300125 0.29014475 0.15166649999999998 0.13555566666666669
0 0.4157166875 0.23858916666666669 0.15000000000000002 0.11466666666666667
0 0.47221675 0.19792258333333335 0.14066649999999992 0.094222
0 0.51946675 0.16614483333333332 0.13400025 0.08088900000000002
1 0.5598000625 0.14170033333333334 0.12466674999999999 0.06933333333333332
0 0.594821 0.12245033333333333 0.11249999999999993 0.06233333333333334
0 0.9224574999999999 0.8806374166666666 0.15100000000000002 0.24737233333333342
0 0.946686875 0.7497943333333332 0.11691750000000001 0.23799999999999988
