0 0.72121475 0.8029048333333334 0.21136374999999996 0.36969699999999994
0 0.5837146875 0.70442 0.24696975 0.34444433333333346
0 0.4606085625 0.6046725 0.24015150000000002 0.28181833333333334
0 0.3636975625 0.5222609166666666 0.21491675 0.22121199999999996
0 0.29361525 0.459535 0.18525 0.17233333333333328
0 0.24367775 0.41311833333333337 0.15749999999999997 0.13666666666666671
0 0.20642775 0.37911833333333333 0.135 0.11299999999999999
0 0.18105274999999998 0.35461833333333337 0.11249999999999999 0.09133333333333338
0 0.16380275 0.337785 0.10325 0.08066666666666666
0 0.810570125 0.3446916666666667 0.05333325000000011 0.07866666666666661
0 0.7618200625 0.318025 0.05866674999999999 0.070222
0 0.7119868125 0.293025 0.06766650000000007 0.06088899999999997
0 0.6195700625 0.33002491666666667 0.10366675000000003 0.0875556666666667
0 0.5633200625 0.3054695 0.10633325000000005 0.07600000000000001
0 0.63923675 0.18813608333333334 0.051000000000000045 0.024444666666666642
0 0.664716 0.170914 0.04050000000000009 0.018666666666666665
0 0.69268475 0.18133066666666664 0.03875000000000006 0.020666666666666667
0 0.691966 0.15195566666666668 0.03237499999999993 0.01416666666666666
0 0.7156534999999999 0.16008066666666668 0.030000000000000027 0.014500000000000013
0 0.60749725 0.17795566666666665 0.053875000000000006 0.022333333333333316
0 0.6724034375000001 0.19969166666666666 0.04966650000000006 0.02755533333333335
