1 0.39244781250000005 0.5486403333333333 0.20227275 0.20606066666666667
0 0.48544025 0.5660645833333333 0.21136374999999996 0.23232299999999995
0 0.594531125 0.5855090833333334 0.20909100000000008 0.24747466666666662
0 0.7123341875 0.6011655833333334 0.17803049999999998 0.2585859999999999
0 0.82464475 0.6117716666666667 0.13257575 0.2555556666666666
0 0.9255917499999999 0.6211150833333333 0.10151524999999983 0.2575760000000001
0 0.316379625 0.5362464166666667 0.18366650000000004 0.18488900000000003
0 0.2561296875 0.52457975 0.16 0.16488866666666663
0 0.2095463125 0.515802 0.14166675000000004 0.14711100000000005
0 0.1719629375 0.5072465 0.12566675 0.1346666666666666
