0 0.3606209375 0.77119 0.27933325 0.28088900000000006
0 0.3239543125 0.6350788333333333 0.23333325000000002 0.22577766666666654
0 0.301162625 0.53541225 0.1951665 0.1688886666666667
1 0.2917043125 0.451301 0.14566650000000003 0.11466666666666664
0 0.28178775 0.3972456666666667 0.12700000000000003 0.10266666666666668
0 0.2750065 0.354204 0.112125 0.08250000000000002
1 0.26985025 0.32312066666666667 0.09837500000000005 0.0685
1 0.47410025 0.2544123333333333 0.09612499999999996 0.04116666666666663
0 0.49785025 0.2774123333333333 0.10749999999999993 0.04966666666666669
1 0.5272565 0.30653733333333333 0.11499999999999999 0.058499999999999996
0 0.5637877499999999 0.34274566666666667 0.12849999999999995 0.07433333333333336
0 0.61053775 0.3887456666666667 0.14600000000000002 0.09433333333333338
1 0.66266275 0.44241233333333335 0.14674999999999994 0.11133333333333328
0 0.72435025 0.5147456666666668 0.15600000000000003 0.16266666666666668
0 0.79603775 0.6037456666666667 0.15849999999999997 0.19933333333333325
0 0.8690377499999999 0.7042456666666667 0.14649999999999996 0.23199999999999998
0 0.9376220625 0.8072456666666666 0.12733725000000007 0.256
