0 0.6115925 0.621188 0.1805 0.3159999999999999
0 0.5010924999999999 0.5665213333333333 0.19799999999999995 0.2913333333333333
0 0.40259249999999996 0.5135213333333334 0.1995 0.25999999999999995
0 0.7245925 0.6738546666666667 0.14700000000000002 0.32333333333333325
0 0.8260925 0.7173546666666667 0.11399999999999999 0.30799999999999994
0 0.32096749999999996 0.4680213333333334 0.18649999999999997 0.22733333333333333
0 0.2563425 0.43052133333333337 0.16849999999999996 0.198
0 0.20684249999999998 0.40152133333333334 0.14999999999999997 0.1726666666666667
0 0.1682175 0.3793546666666667 0.1365 0.15333333333333338
0 0.13738424999999999 0.3611325833333333 0.12366649999999998 0.1391113333333333
0 0.11271762499999999 0.34635483333333333 0.11266674999999998 0.12711099999999997
0 0.0919675625 0.33479925 0.10333325000000002 0.11511133333333334
1 0.07413425 0.32557691666666666 0.09433350000000001 0.10400000000000004
0 0.0501393125 0.5355261666666666 0.09277099999999999 0.136546
1 0.12920556249999998 0.6495823333333333 0.13915649999999996 0.19116466666666665
0 0.2992356875 0.84155025 0.24518050000000002 0.2755019999999999
0 0.0590788125 0.3184619166666667 0.08566675000000001 0.09555566666666665
0 0.046016375000000005 0.3126285 0.0775 0.08777766666666659
0 0.034641375 0.30740633333333334 0.07066675 0.08155566666666669
0 0.0258913125 0.30046191666666666 0.057666749999999996 0.07555566666666663
