0 0.252568 0.7275633333333333 0.24599999999999997 0.2566666666666667
0 0.22904049999999998 0.6117668333333334 0.20919274999999996 0.2003936666666667
0 0.213566125 0.5261684166666667 0.18259024999999998 0.16466666666666663
0 0.204630375 0.45909141666666664 0.16092349999999997 0.1329743333333333
0 0.20097112500000003 0.40796391666666665 0.14133325000000002 0.10666666666666669
0 0.19956575 0.3689536666666667 0.12299999999999997 0.08766666666666667
0 0.19833099999999998 0.33738233333333334 0.11075000000000002 0.0766666666666666
0 0.6375891875 0.48481425 0.16966674999999998 0.14666666666666667
0 0.582255875 0.42192541666666666 0.16033350000000002 0.11422233333333326
0 0.536878125 0.37264791666666663 0.15299999999999997 0.09255566666666665
0 0.4981281875 0.33284216666666666 0.14016674999999995 0.07533333333333331
0 0.46737975 0.301859 0.13024999999999992 0.059
0 0.44129625 0.27660891666666665 0.12424999999999997 0.04944433333333331
0 0.776875375 0.6476135 0.16800000000000004 0.2262223333333333
0 0.8512086875 0.7418356666666667 0.15200000000000002 0.26622200000000007
0 0.922875375 0.8327245833333333 0.135 0.28488899999999995
0 0.913805125 0.5905517499999999 0.08933325000000003 0.15955533333333327
0 0.8556384375 0.5254406666666667 0.09933324999999993 0.13155533333333336
0 0.7418674999999999 0.414135 0.11299999999999999 0.09299999999999997
0 0.6919925 0.36905166666666667 0.11350000000000005 0.07466666666666666
0 0.6474924999999999 0.33105166666666663 0.10950000000000004 0.059
0 0.6063050625 0.299774 0.11066675000000015 0.04911099999999996
0 0.570180125 0.27394066666666667 0.10650000000000004 0.042444333333333306
0 0.53872175 0.252288 0.10062500000000002 0.035
0 0.761680125 0.2912739166666667 0.07066649999999997 0.03755566666666671
0 0.7980134375000001 0.31744066666666665 0.06833325000000001 0.043333333333333335
0 0.8358049999999999 0.34655183333333334 0.06399999999999995 0.04999999999999993
0 0.9157633749999999 0.4152185 0.05583350000000009 0.06911099999999992
0 0.9556800624999999 0.4535518333333333 0.050333249999999885 0.07866666666666666
0 0.9320237499999999 0.38327399999999995 0.044500000000000095 0.05183333333333334
0 0.799326 0.27906566666666666 0.05587500000000001 0.030333333333333323
0 0.8306593125 0.30166291666666667 0.05449999999999999 0.033889
0 0.8631800625 0.3260518333333333 0.052166499999999894 0.03911099999999995
0 0.66651225 0.23058308333333333 0.07016674999999994 0.023110999999999993
0 0.72788725 0.267972 0.0695 0.031333333333333324
0 0.696303875 0.24791649999999998 0.07150000000000001 0.025333333333333347
0 0.8960122500000001 0.3021663333333333 0.03700000000000003 0.02899999999999997
0 0.87026225 0.2829163333333333 0.03875000000000006 0.02583333333333332
0 0.8447935 0.26504133333333335 0.04125000000000001 0.022166666666666668
0 0.8203039999999999 0.24861099999999997 0.042749999999999955 0.019333333333333313
0 0.769303875 0.25861083333333335 0.05441650000000009 0.024999999999999994
0 0.510607875 0.23449 0.09350000000000003 0.029555666666666647
0 0.48830575 0.21930933333333333 0.08512499999999995 0.026666666666666672
0 0.416733 0.2557678333333333 0.11016674999999998 0.04488899999999996
0 0.19699650000000002 0.3117108333333333 0.10033350000000002 0.06466666666666665
0 0.39749650000000003 0.23893316666666667 0.09416675000000002 0.038888666666666655
0 0.638739125 0.214747 0.06833325000000001 0.019778000000000018
0 0.61429125 0.20127466666666666 0.06687500000000002 0.016999999999999987
0 0.382637125 0.22476416666666665 0.08933324999999998 0.03644433333333333
0 0.1961788125 0.29048641666666664 0.09183325000000003 0.05688900000000002
0 0.966049 0.4139663333333333 0.039874999999999994 0.056333333333333346
