0 0.21047775 0.8605525 0.26799999999999996 0.19866666666666666
0 0.215777375 0.68820075 0.24400000000000002 0.16266666666666663
0 0.227444 0.55020075 0.21900000000000003 0.13555566666666669
0 0.2416523125 0.44464525 0.19333349999999996 0.10755566666666666
0 0.25415225 0.36722866666666665 0.16824999999999998 0.07999999999999996
0 0.26565225 0.30875641666666664 0.14899999999999997 0.06844433333333333
0 0.2762565 0.26131191666666664 0.12920825 0.05327766666666667
0 0.2850585 0.2254786666666667 0.11412499999999998 0.03883333333333333
0 0.759481 0.75744375 0.21100000000000008 0.2158890000000001
0 0.715481 0.624416 0.20750000000000002 0.16700000000000004
0 0.674126875 0.5114715833333333 0.19391675000000008 0.11811100000000008
0 0.6372309375 0.42116583333333335 0.18116675000000004 0.08761099999999994
0 0.6048560000000001 0.34930466666666665 0.16175000000000006 0.0636666666666667
0 0.579397625 0.29552691666666664 0.14700000000000002 0.04733333333333334
0 0.5586475625 0.2545825 0.13300000000000006 0.040666666666666657
0 0.5420225625 0.22191583333333334 0.119 0.03377766666666668
0 0.30296 0.17337433333333335 0.09999999999999998 0.027333333333333376
0 0.3086475625 0.15455475 0.09266649999999998 0.025777999999999995
0 0.3138975625 0.13786041666666665 0.08591675000000004 0.025999999999999995
