1 0.3036175625 0.4659683333333333 0.11550000000000002 0.14800000000000002
1 0.3854091875 0.46152391666666664 0.11783349999999992 0.14911100000000005
1 0.471575875 0.45780166666666666 0.09099999999999991 0.14488899999999993
1 0.5559091875 0.45435716666666665 0.1100000000000001 0.14422200000000002
1 0.6411175 0.4508571666666667 0.1226664999999999 0.13777766666666674
1 0.8754990625 0.9247602500000001 0.13373475 0.17108433333333317
1 0.9530098125 0.8788110833333334 0.09980224999999998 0.21218766666666666
0 0.7057085 0.40853566666666663 0.10524999999999995 0.11566666666666664
0 0.758521 0.408369 0.09425000000000006 0.10933333333333334
0 0.8043959999999999 0.408369 0.09599999999999997 0.10466666666666669
