0 0.8799435 0.6961707500000001 0.18173250000000007 0.24105466666666664
0 0.7019774375000001 0.5342121666666667 0.22410549999999996 0.23226633333333335
0 0.5103578125 0.7303829166666667 0.30508475000000007 0.35530433333333344
0 0.315678 0.51914625 0.2043315 0.254865
0 0.20692093749999999 0.38072825 0.11770224999999998 0.15316999999999997
0 0.520244875 0.388575 0.21280600000000005 0.17828
0 0.37768525 0.2885523333333333 0.1544255 0.11258333333333337
0 0.2849095 0.22872166666666666 0.10349999999999995 0.0743333333333333
0 0.19034700000000002 0.170055 0.06225 0.03933333333333333
0 0.228347 0.193305 0.07449999999999996 0.05099999999999996
0 0.15103450000000002 0.30272166666666667 0.07925000000000001 0.09766666666666662
0 0.11803449999999999 0.255055 0.05800000000000001 0.06966666666666668
0 0.0964511875 0.22386058333333334 0.04375 0.051666666666666666
0 0.0822219375 0.20219391666666667 0.0336665 0.03733333333333333
0 0.161972 0.154055 0.04899999999999999 0.031666666666666676
0 0.1411595 0.14247166666666666 0.04025000000000002 0.027000000000000024
0 0.12478449999999999 0.13363833333333333 0.03450000000000003 0.022999999999999993
0 0.1119511875 0.12669391666666668 0.028666750000000005 0.01899999999999999
0 0.1011595 0.12105500000000001 0.024500000000000008 0.016
0 0.091534375 0.11702716666666667 0.021166750000000012 0.014333333333333337
0 0.07209687499999999 0.18569383333333334 0.028833249999999984 0.033444333333333354
0 0.06405525 0.17202725 0.025249999999999995 0.026666666666666672
