0 0.542753 0.702743 0.253 0.31599999999999995
0 0.6202738125 0.6107707499999999 0.22550000000000003 0.25855566666666663
0 0.6770863125 0.5365763333333333 0.19066649999999996 0.2088886666666666
0 0.443049625 0.8073810833333334 0.2731445 0.366919
0 0.3123885 0.8847071666666666 0.2605 0.2762523333333333
0 0.38286275000000003 0.4840333333333333 0.17150000000000004 0.18533333333333335
0 0.45811275 0.43103333333333327 0.16975 0.15366666666666662
0 0.52011275 0.38861666666666667 0.15974999999999995 0.1233333333333333
0 0.57111275 0.35611666666666664 0.15074999999999994 0.10433333333333328
0 0.296300125 0.54625575 0.16500000000000004 0.21999999999999997
0 0.205550125 0.6155890833333334 0.14433325000000002 0.2515556666666667
0 0.1166335 0.6861444166666666 0.1223335 0.2719999999999999
0 0.0379126875 0.7502556666666667 0.08655025000000001 0.2766666666666665
0 0.7179668125 0.4798111666666667 0.16566650000000005 0.176
0 0.748800125 0.43603349999999996 0.14400000000000002 0.14888933333333337
0 0.77096675 0.4011166666666666 0.1292500000000001 0.1283333333333333
0 0.7101543125 0.2763945 0.10975000000000001 0.06799999999999998
0 0.7349668125000001 0.26170008333333333 0.09816674999999997 0.057999999999999996
0 0.6133001250000001 0.3299778333333333 0.13749999999999996 0.09033333333333327
0 0.6485292500000001 0.30811666666666665 0.12574999999999992 0.07999999999999996
0 0.257675125 0.3023111666666667 0.08466675000000004 0.07622200000000001
0 0.3100918125 0.27742225000000004 0.08983324999999992 0.066889
0 0.359091875 0.25592233333333336 0.09266674999999996 0.058000000000000024
0 0.4038835 0.23853333333333335 0.09300024999999995 0.050000666666666665
0 0.4449251875 0.22431116666666667 0.09383325000000003 0.04488900000000001
0 0.4824251875 0.21286683333333334 0.08833350000000001 0.03933333333333333
0 0.5543105625 0.19214450000000002 0.09079174999999995 0.03766666666666668
0 0.587180375 0.18392916666666667 0.08431250000000001 0.03416666666666668
0 0.49355025 0.16439466666666666 0.08000000000000002 0.02583333333333332
0 0.527019 0.156978 0.07250000000000001 0.02266666666666667
0 0.0906751875 0.4022556666666667 0.059666750000000005 0.11244433333333326
0 0.0374355 0.4412973333333333 0.056375 0.119222
0 0.1457585625 0.3649779166666667 0.06783325 0.10088866666666668
0 0.2018835 0.3317001666666667 0.07933325 0.08844433333333335
0 0.16152924999999999 0.21939466666666665 0.041124999999999995 0.035500000000000004
0 0.19527925 0.20364466666666664 0.04375000000000001 0.031666666666666676
0 0.2279876875 0.18922791666666666 0.04608324999999999 0.02800033333333335
0 0.2601335 0.17658908333333334 0.04883350000000003 0.025111000000000022
0 0.291196 0.16533891666666667 0.05025000000000002 0.021999999999999992
0 0.3202273125 0.155825 0.050875000000000004 0.01983333333333334
0 0.3474668125 0.14736675 0.05250000000000005 0.016666999999999987
0 0.1275085 0.23614458333333332 0.03733325 0.03888900000000001
0 0.092623 0.2553806666666667 0.038125000000000006 0.04633333333333331
0 0.05946675 0.27538066666666666 0.033 0.048166666666666635
0 0.028935499999999996 0.2957556666666667 0.03862499999999999 0.054333333333333345
0 0.09300850000000001 0.3299223333333333 0.0485 0.07111100000000004
0 0.22668549999999998 0.25501958333333336 0.06037500000000001 0.049111000000000016
0 0.26934175 0.23567233333333334 0.06425000000000003 0.044499999999999984
0 0.31083143750000003 0.21845 0.066 0.03950000000000001
0 0.1818001875 0.2770889166666667 0.059 0.05711100000000002
0 0.137050125 0.302089 0.0473335 0.06488866666666665
0 0.048807625 0.3591135833333333 0.04883325000000001 0.07666666666666666
0 0.34884925 0.20433574999999998 0.06366675 0.032444333333333325
