1 0.76010375 0.9029913333333333 0.21000000000000008 0.18978933333333337
0 0.75085375 0.7332106666666667 0.20550000000000002 0.17866666666666675
1 0.73660375 0.5812106666666667 0.18699999999999994 0.15466666666666667
0 0.7208954999999999 0.45848833333333333 0.17325000000000002 0.132
0 0.7015205 0.363155 0.16600000000000004 0.10833333333333328
0 0.682708 0.292155 0.14825 0.08533333333333332
0 0.6683954999999999 0.23807166666666668 0.13449999999999995 0.07300000000000004
0 0.6563121249999999 0.1952105 0.12124999999999997 0.06033333333333335
1 0.36881212500000005 0.16987724999999998 0.13200024999999999 0.034889
1 0.3501870625 0.2072105 0.1498335 0.04311133333333336
0 0.328770375 0.2556549166666667 0.16491675 0.06266666666666668
0 0.30335375 0.32276608333333334 0.179 0.08444433333333334
1 0.27210375000000003 0.4087660833333333 0.1973335 0.1097776666666666
0 0.23735375 0.5200994166666667 0.21233350000000004 0.15822200000000003
0 0.2007704375 0.6603216666666667 0.22233325 0.21244466666666673
1 0.167520375 0.8215438333333333 0.22499999999999998 0.25688866666666654
