0 0.0965725625 0.95107525 0.144355 0.1376343333333333
0 0.2066531875 0.8965053333333333 0.25483875 0.251613
0 0.3100805625 0.7919354166666667 0.25887099999999996 0.33118266666666674
0 0.3856855 0.66962375 0.253226 0.2612903333333333
0 0.449330625 0.5667688333333334 0.23951625000000004 0.19959166666666656
0 0.5977823125 0.8177419166666666 0.2975805000000001 0.30967733333333336
0 0.6447580625 0.6793009999999999 0.24677400000000005 0.2376343333333334
0 0.6753025 0.574145 0.20750000000000002 0.1946666666666666
0 0.5013025 0.482145 0.21199999999999997 0.15666666666666662
0 0.5423025 0.419145 0.18250000000000005 0.1206666666666667
0 0.69538575 0.49375625 0.17633349999999992 0.1475556666666667
0 0.7091357500000001 0.43364508333333335 0.15000000000000002 0.1224446666666667
0 0.5718024375 0.3716451666666667 0.1618332500000001 0.09888866666666662
0 0.5956775 0.333534 0.14249999999999996 0.08111133333333337
0 0.718094125 0.386034 0.13166674999999994 0.09955533333333327
0 0.7249690625 0.34808958333333334 0.11666674999999993 0.08311133333333331
0 0.6146774375 0.30314508333333334 0.12766675000000005 0.06888900000000003
0 0.6307190625 0.2788118333333333 0.11366675000000004 0.05688900000000002
0 0.6430108125 0.25970075 0.10433349999999997 0.05022233333333334
0 0.7303858125 0.3182006666666667 0.10366675000000003 0.06888900000000009
0 0.7349274375000001 0.2949784166666667 0.09483324999999998 0.05711100000000002
0 0.6538024375 0.24342291666666666 0.09550000000000003 0.044444666666666716
0 0.738844125 0.27592291666666663 0.08599999999999997 0.05288866666666664
0 0.6617608125000001 0.2298673333333333 0.08833325000000003 0.040444666666666684
0 0.7413024375 0.2589228333333333 0.07983324999999997 0.04533333333333334
0 0.0423819375 0.5755339166666666 0.08449999999999999 0.15222233333333335
0 0.098090375 0.5118673333333333 0.09633350000000002 0.1268886666666666
0 0.154840375 0.4543118333333333 0.10700000000000001 0.10599999999999998
0 0.208757 0.4036450833333333 0.10983349999999997 0.08444433333333329
0 0.25875706249999997 0.35981175 0.11566674999999996 0.07
0 0.3054236875 0.3230895833333334 0.10983350000000003 0.055777666666666725
0 0.344715375 0.29286741666666666 0.10599999999999998 0.04511100000000001
0 0.0218906875 0.5017561666666667 0.053132 0.10933333333333334
0 0.06675706249999999 0.4554229166666667 0.071 0.09333333333333338
0 0.114257 0.4106450833333333 0.07966675000000001 0.07955566666666669
0 0.160507 0.37025625 0.08166675000000001 0.06622233333333338
0 0.20463199999999998 0.33425625 0.08683349999999998 0.05466666666666664
0 0.246840375 0.30347841666666664 0.08983325 0.04377800000000004
0 0.2838820625 0.27720075 0.08799999999999997 0.036889000000000005
0 0.3180070625 0.25425625 0.08750000000000002 0.03266666666666668
0 0.380090375 0.26697841666666666 0.10383325000000004 0.038222000000000006
0 0.3495903125 0.23425625 0.08649999999999997 0.026222333333333347
0 0.411715375 0.2450895833333333 0.09683324999999998 0.033333333333333326
0 0.439132 0.22725616666666665 0.09133349999999996 0.027777666666666645
0 0.3780903125 0.21742291666666666 0.08116650000000003 0.02266666666666664
0 0.4035903125 0.20325625 0.08066674999999995 0.019555666666666693
0 0.4635486875 0.212534 0.08716675000000002 0.02444466666666667
0 0.4841736875 0.20045058333333332 0.0817500000000001 0.021777666666666667
0 0.5011111875 0.1899505833333333 0.07341674999999998 0.019666666666666666
0 0.426059 0.19171466666666667 0.074125 0.017500000000000016
0 0.4446215 0.18175633333333335 0.07106250000000003 0.015916666666666662
0 0.011239375000000001 0.3900973333333333 0.027103750000000003 0.04866666666666669
0 0.03876 0.364264 0.043875 0.04949999999999999
0 0.07210375 0.33605566666666664 0.04787500000000001 0.04216666666666663
0 0.19869749999999997 0.24684733333333334 0.05762500000000001 0.024666666666666642
0 0.22722874999999998 0.22955566666666669 0.05987500000000001 0.022166666666666668
0 0.254135 0.21384733333333333 0.060624999999999984 0.01883333333333334
0 0.27903075 0.19987508333333334 0.06037500000000001 0.01633333333333334
0 0.302687 0.18775008333333332 0.061041750000000006 0.013889000000000012
0 0.32540575 0.1772085 0.06112500000000004 0.011888999999999955
0 0.34623906249999997 0.16797233333333333 0.05995824999999999 0.010444666666666658
0 0.36499950000000003 0.15979175 0.056999999999999995 0.009444333333333332
0 0.3825828125 0.152514 0.05541649999999998 0.00911133333333336
0 0.3991244375 0.1459585 0.054333249999999944 0.008555666666666684
