1 0.757673125 0.8765390833333333 0.17000000000000004 0.27647733333333324
1 0.8610064374999999 0.90465025 0.11566675000000004 0.2178106666666666
1 0.8745897499999999 0.71163375 0.08200000000000007 0.24444433333333349
1 0.9408814999999999 0.7586616666666667 0.07025000000000003 0.2436666666666667
1 0.941444 0.9294460833333333 0.07850000000000001 0.16229400000000005
0 0.796944 0.6597033333333333 0.10399999999999998 0.24083333333333345
0 0.7122565 0.6026616666666667 0.1292500000000001 0.2306666666666668
1 0.6408189999999999 0.8264656666666667 0.21924999999999994 0.3479216666666667
1 0.6258189999999999 0.543995 0.15350000000000008 0.20400000000000007
1 0.5438189999999999 0.4896616666666666 0.16349999999999987 0.17666666666666664
0 0.5270064999999999 0.7454116666666667 0.238 0.3460000000000001
1 0.427819 0.6579116666666667 0.23524999999999996 0.29533333333333345
1 0.3480065 0.5808283333333333 0.21800000000000005 0.2426666666666667
0 0.47094400000000003 0.44124499999999994 0.16399999999999992 0.15033333333333332
1 0.2870065 0.5179116666666667 0.195 0.199
1 0.4095065 0.40116166666666664 0.15649999999999997 0.1256666666666667
0 0.24046475 0.46696708333333337 0.1735 0.16511133333333333
0 0.356927875 0.36792250000000004 0.1498335 0.10911066666666669
1 0.123605 0.33201966666666666 0.10325 0.07833333333333337
1 0.13832375 0.3499363333333333 0.11312499999999999 0.08900000000000002
1 0.15588625 0.370478 0.12374999999999999 0.09999999999999998
0 0.1777820625 0.39636683333333333 0.1390835 0.11988866666666664
0 0.20544875 0.4279780833333333 0.15166675 0.13555566666666663
0 0.3132908125 0.34160783333333333 0.13025000000000003 0.09066666666666667
1 0.27887412500000003 0.3198856666666667 0.12066675000000002 0.08422200000000002
1 0.9588971875000001 0.5026061666666667 0.07833325000000002 0.12866666666666665
