0 0.31900425 0.8789686666666667 0.288 0.27493066666666666
0 0.22731675 0.7739026666666667 0.24325000000000002 0.31466666666666665
0 0.1825459375 0.6674026666666667 0.20083325000000002 0.254
0 0.1528375625 0.5854026666666667 0.172 0.2031110000000001
1 0.133171 0.5225136666666667 0.151 0.17288899999999996
1 0.93922825 0.7292846666666666 0.08000000000000007 0.2713333333333333
1 0.86902 0.6684513333333333 0.10650000000000004 0.2613333333333332
0 0.790895 0.6027846666666666 0.13049999999999995 0.24533333333333324
1 0.70852 0.537118 0.15400000000000003 0.21266666666666662
0 0.631228375 0.47689574999999995 0.16166674999999997 0.18399999999999994
1 0.559895 0.4255625 0.16733325000000004 0.15377800000000008
1 0.4983950625 0.383118 0.16366674999999997 0.12711099999999997
1 0.9426449375 0.5637846666666666 0.059333250000000004 0.15955533333333338
0 0.885811625 0.5172290833333334 0.06766675 0.1537776666666667
1 0.8233116875 0.4677846666666667 0.08066649999999997 0.13911133333333336
0 0.759895 0.42200699999999997 0.09599999999999997 0.12133333333333335
0 0.6975616250000001 0.3801180833333333 0.10566675000000003 0.10399999999999998
1 0.6385616875 0.34467349999999997 0.11333349999999986 0.08666666666666661
0 0.5824783124999999 0.3160069166666667 0.11433324999999994 0.07466666666666666
0 0.4458116875 0.3486735 0.15199999999999997 0.10622233333333336
1 0.40268675 0.32028475 0.1403335 0.09066666666666667
0 0.36810325 0.2976456666666667 0.1295 0.08033333333333337
0 0.33966575 0.27981233333333333 0.122 0.07099999999999998
0 0.3150095 0.26493733333333336 0.11299999999999999 0.06616666666666668
0 0.45516575 0.2516873333333334 0.10924999999999996 0.047500000000000014
0 0.42297825 0.23702066666666666 0.10087499999999999 0.04266666666666666
0 0.11896462499999999 0.47336391666666666 0.1345 0.14022233333333345
0 0.108923 0.43447508333333335 0.1205 0.11977800000000005
0 0.1020063125 0.40269733333333335 0.10966675 0.10155566666666666
0 0.09692300000000001 0.37669733333333333 0.0995 0.08666666666666667
0 0.092381375 0.355864 0.0905 0.07777766666666663
0 0.08958975 0.3372529166666667 0.08250000000000002 0.07
0 0.0877146875 0.32119733333333333 0.07533324999999999 0.06
0 0.0854646875 0.30680833333333335 0.06649999999999999 0.05133333333333334
0 0.2939759375 0.25234900000000005 0.10525000000000004 0.06
0 0.2740176875 0.24270999999999998 0.09525 0.053444333333333316
1 0.2562051875 0.23326550000000001 0.09041650000000001 0.04933333333333337
1 0.2394551875 0.22348774999999999 0.08549999999999999 0.04488900000000001
0 0.96478725 0.421878 0.04625000000000001 0.07800000000000001
1 0.9268497499999999 0.39404466666666665 0.04525000000000001 0.08099999999999996
1 0.88691225 0.3640446666666667 0.04399999999999993 0.07400000000000001
0 0.84584975 0.3347946666666667 0.04733324999999999 0.06611099999999998
1 0.8036830625 0.30776691666666667 0.054833249999999945 0.05933333333333335
1 0.76209975 0.28354466666666667 0.059249999999999914 0.051666666666666694
0 0.72124575 0.26185041666666664 0.0635 0.04522233333333328
0 0.6819749375 0.2424893333333333 0.0655 0.03966666666666668
1 0.645099875 0.22523933333333332 0.07008324999999993 0.03455566666666665
0 0.6087249375 0.21079491666666667 0.07216674999999995 0.03
1 0.57655825 0.198656 0.06874999999999998 0.02833333333333332
0 0.5478082500000001 0.18807266666666667 0.06874999999999998 0.024999999999999994
0 0.9542040625 0.37596141666666666 0.045499999999999985 0.06333333333333335
1 0.9205789375 0.35101708333333337 0.039333249999999986 0.05777766666666667
0 0.885954 0.32612816666666666 0.03733350000000002 0.05400000000000005
1 0.850370625 0.302017 0.038000000000000034 0.04822233333333337
0 0.8142873125 0.2798503333333333 0.04583349999999997 0.043555666666666604
1 0.7775373125 0.259017 0.04883325000000005 0.0382223333333333
1 0.7416623124999999 0.24068375 0.05433325 0.033555333333333354
0 0.70649575 0.224406 0.054833249999999945 0.029555666666666675
0 0.6733290625 0.20935033333333333 0.054333500000000146 0.025777999999999995
0 0.6406207500000001 0.19618366666666667 0.05800000000000005 0.02244466666666664
0 0.6109540625000001 0.18446141666666666 0.05666674999999999 0.021999666666666667
1 0.5850373125 0.174517 0.056166750000000154 0.01844433333333334
1 0.9853270000000001 0.34810166666666664 0.029938999999999938 0.03550000000000003
0 0.9623735 0.33297666666666664 0.03237500000000004 0.041000000000000036
0 0.9367172500000001 0.31435166666666664 0.033499999999999974 0.044833333333333336
1 0.9093735000000001 0.293435 0.030000000000000027 0.042833333333333334
0 0.88227975 0.27364333333333335 0.02862500000000001 0.03683333333333333
0 0.8548735000000001 0.25543499999999997 0.028874999999999984 0.0328333333333333
0 0.82721725 0.23910166666666666 0.032625000000000015 0.028166666666666645
1 0.7996235 0.224435 0.03487499999999999 0.02683333333333332
0 0.77259225 0.21022666666666665 0.03774999999999995 0.024166666666666642
0 0.74527975 0.19730999999999999 0.04074999999999995 0.021666666666666667
0 0.7191235 0.18560166666666666 0.04149999999999998 0.019333333333333313
0 0.69396725 0.17485166666666666 0.04300000000000004 0.017166666666666636
0 0.669311 0.16560166666666667 0.04437499999999994 0.014666666666666633
0 0.6455712499999999 0.1571505 0.04349999999999998 0.014083333333333337
