1 0.352710125 0.48362933333333336 0.14099974999999998 0.15155566666666664
0 0.6228768124999999 0.54251825 0.11299999999999999 0.19200000000000006
0 0.7203768749999999 0.5652959166666667 0.10466675000000003 0.19688899999999998
1 0.8064601874999999 0.5850737500000001 0.10200000000000009 0.1844446666666667
0 0.524626875 0.5197404166666667 0.132 0.182222
0 0.43254349999999997 0.50007375 0.14300000000000002 0.16399999999999998
0 0.285106 0.46846266666666664 0.13825 0.137
1 0.229481 0.456796 0.12350000000000003 0.1213333333333334
1 0.185751875 0.447685 0.11733349999999998 0.11199999999999999
0 0.1489601875 0.4391293333333333 0.10783350000000001 0.10355566666666671
0 0.1175435 0.43151833333333334 0.09916649999999999 0.09733333333333333
1 0.28098999999999996 0.2319479166666667 0.06216674999999999 0.014444333333333309
0 0.2981358125 0.21992025 0.059666749999999935 0.012444333333333363
1 0.24216712499999998 0.25928133333333336 0.0625 0.014999999999999958
1 0.262182625 0.24519800000000003 0.06268749999999998 0.01416666666666666
1 0.9410810000000001 0.6179733333333334 0.09224999999999994 0.16233333333333333
