0 0.740283625 0.5243489166666667 0.11333349999999998 0.17377766666666666
0 0.8153668749999999 0.5750155833333334 0.09499999999999997 0.19466666666666665
0 0.88670025 0.6267933333333333 0.07533349999999994 0.20399999999999996
0 0.9513669375 0.6751266666666667 0.06766649999999996 0.2075556666666667
0 0.7692836249999999 0.42346 0.08000000000000007 0.11377800000000005
0 0.8296169375 0.4610155833333333 0.06799975000000003 0.126222
0 0.88845025 0.50134875 0.06099999999999994 0.13688899999999998
0 0.9421169375 0.54068225 0.06233325000000012 0.14444433333333329
0 0.95558575 0.4118766666666667 0.04849999999999999 0.07533333333333331
0 0.98702725 0.4343766666666667 0.033633000000000024 0.059
0 0.918617 0.38541833333333336 0.04575000000000007 0.0695
0 0.8800857499999999 0.35887666666666673 0.04212499999999997 0.06533333333333335
0 0.84021075 0.3344183333333333 0.044625000000000026 0.05800000000000005
0 0.7991794999999999 0.3115016666666667 0.04975000000000007 0.05199999999999999
0 0.7584919999999999 0.290335 0.05525000000000002 0.04666666666666669
0 0.717742 0.27096 0.05975000000000008 0.04199999999999998
0 0.67858575 0.25391833333333336 0.06237500000000007 0.03650000000000003
0 0.641492 0.239085 0.06700000000000006 0.031000000000000028
0 0.60564825 0.22650166666666666 0.06662499999999993 0.02833333333333332
0 0.572367 0.21471 0.06837500000000007 0.026499999999999996
0 0.5413669999999999 0.20487666666666665 0.06924999999999992 0.02316666666666667
0 0.5113045 0.19721 0.06799999999999995 0.021333333333333343
0 0.48458575 0.19071 0.0643749999999999 0.020833333333333343
0 0.46014825000000004 0.18525166666666665 0.06312500000000004 0.01899999999999999
0 0.43883575 0.18041833333333335 0.06024999999999997 0.017833333333333312
0 0.417867 0.17666833333333332 0.058499999999999996 0.017499999999999988
0 0.129124 0.4893373333333333 0.09075 0.13199999999999995
0 0.10393649999999999 0.42417066666666664 0.06849999999999999 0.08933333333333332
0 0.153499 0.38692066666666663 0.07500000000000001 0.07833333333333337
0 0.1883115 0.43858733333333333 0.10175000000000001 0.11099999999999999
0 0.245124 0.3943373333333333 0.10550000000000004 0.09366666666666668
0 0.20249899999999998 0.351754 0.08049999999999999 0.066
0 0.297499 0.35692066666666666 0.11000000000000001 0.07899999999999996
0 0.2474365 0.32067066666666666 0.08200000000000005 0.056999999999999995
0 0.3450615 0.32458733333333334 0.11125000000000002 0.06866666666666665
0 0.38899900000000004 0.29733733333333334 0.10549999999999998 0.05733333333333335
0 0.2901865 0.294004 0.08700000000000005 0.04733333333333334
0 0.33018650000000005 0.27150399999999997 0.08775 0.04033333333333333
0 0.076873875 0.34547616666666664 0.04366675 0.0515553333333334
0 0.06933225 0.3225315833333333 0.03816649999999999 0.042222333333333306
0 0.10070725 0.30114266666666667 0.041666499999999995 0.03733333333333333
0 0.11179062499999999 0.32053166666666666 0.0471665 0.04555566666666666
0 0.1467905625 0.29714283333333336 0.05149999999999999 0.04022199999999998
0 0.132290625 0.281365 0.04416674999999999 0.0344443333333333
0 0.16274887500000002 0.26275391666666664 0.04600000000000001 0.029777666666666674
0 0.18129062499999998 0.27608716666666666 0.05366675000000001 0.034889
0 0.2139155625 0.2571428333333333 0.05550000000000002 0.030888999999999944
0 0.19233225 0.24580941666666667 0.0473335 0.025999999999999995
0 0.2451655625 0.24025391666666668 0.05650000000000002 0.026222333333333292
0 0.2202905625 0.23064275 0.048333499999999974 0.022222333333333344
0 0.0591655625 0.2860316666666667 0.027666749999999997 0.025777999999999968
0 0.08395731249999999 0.27025391666666665 0.02983324999999999 0.02511133333333332
0 0.10870724999999999 0.25492058333333334 0.0325 0.023111000000000048
0 0.1332071875 0.24075383333333333 0.0333335 0.020444666666666667
0 0.1572073125 0.22792058333333334 0.03533325000000001 0.018666666666666665
0 0.181498875 0.21542050000000001 0.036500000000000005 0.01688866666666669
0 0.2047489375 0.20417058333333332 0.036333249999999984 0.014555666666666633
0 0.226811375 0.1940595 0.03683325000000001 0.01311100000000004
0 0.24529056249999998 0.18530958333333333 0.033249999999999974 0.010777666666666658
