0 0.6232965 0.4611665833333333 0.2183447500000001 0.2272973333333333
0 0.46978975 0.32709866666666665 0.17520825000000007 0.15066666666666667
0 0.363353875 0.2417186666666667 0.1258685 0.09737533333333331
0 0.5536128125 0.7507938333333333 0.27959100000000003 0.34481099999999987
0 0.38090925 0.541023 0.20741325 0.2619693333333332
1 0.2732259375 0.39293225 0.13652275000000003 0.1677843333333333
0 0.2100574375 0.29942583333333334 0.09518750000000004 0.11425000000000005
0 0.17433468750000003 0.24339625 0.06395825 0.06944433333333336
1 0.1546545 0.21221566666666666 0.048541749999999995 0.04984700000000003
1 0.14043825 0.18878166666666668 0.042416499999999996 0.04550000000000001
1 0.1279924375 0.16812333333333335 0.03737499999999999 0.03883333333333333
0 0.21879125 0.14100008333333333 0.054208249999999986 0.035416666666666666
0 0.1967965 0.12600725000000002 0.04150000000000001 0.026444333333333347
0 0.18030693750000001 0.11541691666666667 0.03812499999999999 0.022527666666666682
0 0.1172368125 0.14983833333333335 0.03387499999999999 0.03438866666666668
