0 0.723163875 0.94868175 0.3145009999999999 0.16980533333333336
0 0.8768833125 0.6776521666666666 0.19774024999999995 0.24105466666666675
0 0.6782015 0.53138725 0.2467045 0.2310106666666667
0 0.48705275 0.40301316666666664 0.21092275 0.1619586666666667
0 0.35137275 0.321655 0.14549999999999996 0.09933333333333333
0 0.26749775 0.27348833333333333 0.1 0.06666666666666668
0 0.21387275 0.243655 0.07499999999999998 0.04799999999999999
0 0.23224774999999998 0.47498833333333335 0.13699999999999998 0.17000000000000004
0 0.16699775 0.3893216666666667 0.0905 0.10666666666666663
0 0.13024775 0.33598833333333333 0.063 0.07733333333333331
0 0.1193415 0.19353 0.029375 0.01999999999999999
0 0.108029 0.18753 0.02675000000000001 0.018833333333333313
0 0.09865399999999999 0.182405 0.023124999999999993 0.016166666666666663
1 0.09068525 0.17832166666666668 0.021625000000000005 0.014833333333333337
1 0.0835915 0.17478 0.01912499999999999 0.013333333333333364
0 0.0660915 0.23857166666666668 0.02624999999999999 0.03316666666666665
0 0.05931025 0.22661333333333333 0.022124999999999992 0.024999999999999994
0 0.0538415 0.21669666666666668 0.02174999999999999 0.02466666666666667
