1 0.2500000625 0.89147825 0.20621474999999997 0.2576900000000001
1 0.37264600000000003 0.8321563333333333 0.26742000000000005 0.34808533333333336
1 0.4839924375 0.73822975 0.2702447499999999 0.36660400000000004
1 0.5722693125 0.6296295833333333 0.24858750000000002 0.308851
1 0.6304143124999999 0.9307125 0.26647825 0.20370366666666662
1 0.747646 0.8437696666666668 0.26553675 0.31920899999999996
1 0.8857495 0.446642 0.09024999999999994 0.15133333333333332
1 0.826687 0.38755866666666666 0.10399999999999998 0.1293333333333333
1 0.769312 0.3367253333333333 0.1110000000000001 0.10733333333333334
1 0.714562 0.29297533333333337 0.118 0.091
1 0.663437 0.25505866666666666 0.11924999999999997 0.07633333333333331
1 0.6177495 0.22272533333333333 0.11499999999999999 0.06333333333333332
1 0.5763745 0.1975586666666667 0.11324999999999996 0.04933333333333334
0 0.5382495 0.17839200000000002 0.10599999999999993 0.044333333333333336
0 0.5067495 0.16180866666666666 0.09475 0.040000000000000036
1 0.4793745 0.148142 0.08799999999999997 0.03666666666666668
1 0.4565476875 0.13597533333333334 0.07799999999999996 0.032
1 0.3896965 0.28682033333333334 0.12725000000000003 0.10066666666666668
1 0.329509 0.32557033333333335 0.12374999999999997 0.1176666666666667
1 0.2653215 0.370737 0.11150000000000002 0.13866666666666666
1 0.199759 0.4224036666666666 0.09575000000000003 0.15699999999999997
1 0.1366965 0.47632033333333335 0.079 0.1746666666666667
1 0.0776965 0.532237 0.0635 0.1893333333333333
1 0.025553625 0.580987 0.0508215 0.17833333333333334
1 0.0294465 0.46782033333333334 0.052000000000000005 0.137
1 0.0758215 0.4233203333333333 0.052 0.12666666666666665
1 0.124259 0.38065366666666667 0.05674999999999997 0.11633333333333329
1 0.1763215 0.33857033333333336 0.06975 0.10400000000000004
1 0.2291965 0.30015366666666665 0.07850000000000004 0.08933333333333332
1 0.2824465 0.2664036666666667 0.0875 0.07566666666666666
1 0.332884 0.23640366666666668 0.09025 0.065
1 0.055259 0.3229036666666667 0.042499999999999996 0.07299999999999995
1 0.0879465 0.2966536666666667 0.03599999999999999 0.065
0 0.123259 0.269737 0.039749999999999994 0.06533333333333333
1 0.16075899999999999 0.242987 0.038000000000000006 0.05833333333333335
