0 0.22928487500000003 0.7732690833333333 0.24262200000000003 0.31782066666666664
0 0.1767638125 0.6766484166666666 0.2033335 0.25822233333333333
0 0.142763875 0.6004262499999999 0.171 0.20844433333333334
0 0.11876387499999999 0.5410929166666667 0.14966649999999998 0.1702223333333333
0 0.10184718749999999 0.49509283333333337 0.1296665 0.14400000000000007
0 0.08976375 0.45798175 0.11599999999999999 0.12222233333333343
0 0.0803471875 0.4280929166666667 0.10566674999999998 0.10533333333333333
0 0.0726388125 0.4039816666666667 0.09583349999999999 0.09333333333333332
0 0.06684725 0.38409283333333333 0.08733325 0.08111133333333331
0 0.06272225 0.36698183333333334 0.08083325 0.07511099999999998
0 0.059347125 0.3509818333333333 0.07449999999999998 0.06577766666666673
0 0.0559721875 0.3375929166666667 0.0685 0.05800000000000005
0 0.0539305 0.32620391666666665 0.06316675 0.05399999999999999
0 0.0522638125 0.31592625 0.05883349999999999 0.048667000000000016
0 0.0507221875 0.30731508333333335 0.05483325 0.043777666666666715
0 0.8489305 0.6213150000000001 0.09099999999999997 0.2386666666666668
0 0.7695555000000001 0.5666483333333333 0.11850000000000005 0.22133333333333333
0 0.6881805000000001 0.5132596666666667 0.138 0.1963333333333333
0 0.6101805 0.4642596666666667 0.15375000000000005 0.1736666666666667
0 0.5391805000000001 0.42092633333333335 0.15850000000000009 0.14766666666666667
0 0.6106180000000001 0.33803741666666665 0.10924999999999996 0.085889
0 0.6693055 0.36759291666666666 0.10033325000000004 0.09866666666666674
0 0.5558055000000001 0.3123706666666667 0.10800000000000004 0.069778
0 0.4778055 0.38392633333333337 0.1566665 0.128
0 0.5081805 0.29242625 0.11083349999999997 0.062222
0 0.465888875 0.27448175 0.10766675000000003 0.0568886666666667
0 0.7306388125000001 0.40192625 0.08866675000000013 0.11244466666666669
0 0.7936388750000001 0.43737058333333334 0.07600000000000007 0.1288890000000001
0 0.855388875 0.47759283333333336 0.06566649999999985 0.14177766666666664
0 0.31301775 0.29478099999999996 0.11974999999999997 0.07300000000000001
0 0.28764275 0.282031 0.11249999999999999 0.06566666666666665
0 0.26551775 0.270781 0.10424999999999998 0.05966666666666667
0 0.24701774999999998 0.26161433333333334 0.09374999999999997 0.055999999999999994
0 0.23158025 0.25369766666666665 0.09049999999999994 0.05099999999999999
0 0.2171010625 0.247392 0.08499999999999999 0.047111000000000014
0 0.2038094375 0.24191975000000002 0.07966675000000001 0.04322233333333336
0 0.1921219375 0.23722541666666666 0.07350000000000001 0.040777666666666684
0 0.1814760625 0.2330865 0.06733350000000002 0.03677766666666671
0 0.29449162500000003 0.22005866666666668 0.06943749999999999 0.027999999999999997
0 0.277601 0.21535033333333334 0.06475 0.02583333333333332
0 0.26094475 0.211767 0.062374999999999986 0.023833333333333345
0 0.2451635 0.20910033333333333 0.05912500000000001 0.02149999999999999
0 0.5126113125 0.1935531666666667 0.06633325000000001 0.025999999999999995
0 0.542653 0.2020533333333333 0.06833325000000001 0.028666666666666674
0 0.5750279375 0.21205325 0.06566649999999996 0.03044433333333335
0 0.6096529375 0.224331 0.06583324999999995 0.03555566666666668
0 0.6469863124999999 0.23866425000000002 0.0671664999999999 0.04022233333333336
0 0.686153 0.2547198333333333 0.06333349999999993 0.04422200000000004
0 0.7266113750000001 0.2724976666666667 0.05700000000000005 0.04755566666666669
0 0.767278 0.2922199166666667 0.05083325000000005 0.05377766666666667
0 0.8088613125 0.3137755 0.04700000000000004 0.061333333333333406
0 0.811153 0.28255325 0.03966674999999997 0.04044466666666663
0 0.7755696875 0.2651644166666667 0.04183324999999993 0.03666666666666665
0 0.7407363124999999 0.24910883333333333 0.04483325000000005 0.03200000000000003
0 0.7060279375 0.23321983333333335 0.0515000000000001 0.030222333333333323
0 0.67056975 0.21960875000000002 0.05416674999999993 0.025333666666666643
0 0.6362364375 0.20727541666666666 0.05566674999999999 0.025111333333333374
0 0.6053196875 0.19649766666666665 0.05433325 0.021555333333333343
0 0.5767780625000001 0.18705325 0.06000000000000005 0.020222333333333314
0 0.5492363125 0.17899766666666667 0.0595 0.017111000000000043
0 0.486028 0.1867754166666667 0.06833325000000007 0.02466666666666667
0 0.5241323124999999 0.17249766666666666 0.05816674999999999 0.015555333333333338
0 0.8507885 0.3380533333333333 0.043875 0.06816666666666671
0 0.84756975 0.30276166666666665 0.03974999999999995 0.04866666666666669
0 0.8824135 0.32467833333333335 0.04299999999999993 0.05233333333333334
0 0.89081975 0.36372000000000004 0.048374999999999946 0.07266666666666671
0 0.929851 0.38972 0.05325000000000002 0.07800000000000001
0 0.9668822499999999 0.4161783333333334 0.05399999999999994 0.08333333333333331
0 0.9166635 0.3462616666666667 0.04562500000000003 0.056666666666666754
0 0.94925725 0.36792833333333336 0.04799999999999993 0.0596666666666667
0 0.9782085625 0.38797000000000004 0.044555250000000046 0.0625
0 0.609673875 0.15985233333333332 0.041000000000000036 0.01377766666666666
0 0.5878404375 0.1534635 0.041666750000000086 0.01333366666666666
0 0.6324655625 0.16685233333333332 0.04083325000000004 0.014666666666666661
0 0.6566321875000001 0.17474116666666667 0.04083325000000004 0.015777666666666662
0 0.6816738125 0.18351900000000002 0.03799974999999989 0.01822233333333334
0 0.707673875 0.19340791666666668 0.03733350000000002 0.020222333333333342
0 0.7345071875 0.204519 0.036666500000000046 0.02288900000000002
0 0.7616738125 0.21601908333333336 0.03483325000000004 0.02466666666666667
0 0.7688405 0.2035745 0.029000000000000026 0.01844433333333334
0 0.7450071875000001 0.19274116666666669 0.02916675000000002 0.016000000000000014
0 0.7219654375 0.18279691666666667 0.02983350000000007 0.014222000000000012
0 0.6978405 0.17401891666666666 0.031666749999999966 0.012444333333333335
0 0.6755488125 0.16640791666666666 0.031166500000000097 0.011555333333333334
0 0.6538405 0.15921341666666666 0.03316675000000002 0.010555333333333333
0 0.6326321875 0.15296341666666666 0.03383325000000004 0.009222333333333332
0 0.6143196875 0.14774133333333334 0.029750000000000054 0.007222000000000006
0 0.8418405 0.237519 0.025499999999999967 0.023110999999999993
0 0.8656738125000001 0.25029675 0.026833499999999955 0.02622233333333332
0 0.8892155625 0.26363016666666667 0.028166750000000018 0.026444333333333292
0 0.91275725 0.2782414166666667 0.0293334999999999 0.028444666666666618
