0 0.26344643749999996 0.5097028333333333 0.10033324999999998 0.17822200000000005
0 0.184048875 0.5505195 0.08600000000000002 0.19288899999999998
0 0.3435895 0.47102066666666664 0.12025000000000002 0.16233333333333338
0 0.421381125 0.43452083333333336 0.135 0.14622233333333334
0 0.4918603125 0.40296533333333334 0.13916649999999992 0.12688899999999997
0 0.5534020000000001 0.37702066666666667 0.14000000000000007 0.11333333333333329
0 0.1103625 0.5904051666666666 0.08350000000000002 0.19655566666666663
0 0.6070082499999999 0.355044 0.13724999999999998 0.10033333333333339
0 0.653235 0.33745366666666665 0.12775000000000003 0.08800000000000002
0 0.8287606249999999 0.7892698333333333 0.227711 0.35180699999999987
0 0.692646 0.3240033333333333 0.11750000000000005 0.07766666666666666
0 0.726 0.3132256666666666 0.10633349999999997 0.07066666666666666
0 0.7540336875 0.3038775 0.09766675000000002 0.06388899999999997
0 0.7772211875 0.296197 0.09108325000000006 0.057499999999999996
0 0.7968045 0.29014133333333336 0.08608324999999994 0.051944666666666695
0 0.8139814999999999 0.2845856666666666 0.080125 0.04899999999999999
0 0.8302627499999999 0.27862733333333334 0.07699999999999996 0.04800000000000004
0 0.0446226875 0.6264839166666667 0.08433725 0.1975903333333333
0 0.9563368750000001 0.5387675833333333 0.09666649999999999 0.1524443333333333
