0 0.08181350000000001 0.685206 0.09000000000000001 0.23466666666666658
0 0.1611885 0.6458726666666667 0.092 0.2353333333333334
1 0.24918849999999998 0.604206 0.10949999999999996 0.23399999999999999
1 0.34306349999999997 0.5590393333333333 0.135 0.21800000000000003
1 0.4366885 0.5162059999999999 0.15399999999999997 0.19533333333333336
0 0.049396749999999996 0.42881708333333335 0.07516674999999999 0.10533333333333333
0 0.09539675 0.40426158333333334 0.07316675000000002 0.10155566666666671
1 0.14689675 0.37837258333333335 0.07000025000000001 0.097111
0 0.2022718125 0.35237275 0.05916674999999999 0.08466666666666672
1 0.2572300625 0.32859483333333334 0.0615 0.07777766666666663
1 0.3129800625 0.30665050000000005 0.07100000000000001 0.07222233333333333
0 0.3678134375 0.28692825 0.07866650000000003 0.06511099999999997
0 0.4195216875 0.26948375 0.08433325000000003 0.059111333333333294
1 0.47335506250000003 0.25642825 0.09183349999999996 0.05311099999999999
1 0.53702175 0.25131725 0.08666650000000004 0.04377766666666666
1 0.610105125 0.2664281666666667 0.09950000000000003 0.06555566666666668
1 0.674980125 0.30092816666666666 0.10933325000000005 0.06355566666666668
0 0.7218134375 0.341706 0.10366675000000003 0.062444666666666704
1 0.76848 0.39126158333333333 0.12116649999999995 0.07755566666666663
0 0.816688375 0.45042825 0.11466674999999993 0.08177766666666658
1 0.8629175 0.522331 0.12025000000000008 0.10983333333333334
1 0.911395 0.620926 0.13275000000000003 0.1296666666666666
1 0.564984625 0.7393486666666667 0.24578299999999997 0.2128513333333334
