0 0.605162375 0.684986 0.28313249999999995 0.33333333333333326
0 0.4449213125 0.5307691666666666 0.2301205 0.23212833333333333
0 0.6748913125 0.5647049166666667 0.21867475000000003 0.22248999999999997
0 0.524288875 0.44864075000000003 0.1897592500000001 0.1558233333333333
0 0.7129936875 0.4918133333333333 0.18253025 0.16706833333333332
0 0.5738369999999999 0.3965321666666667 0.164458 0.12369466666666662
0 0.21769 0.2401146666666667 0.051125000000000004 0.030833333333333324
0 0.24822125 0.223948 0.05349999999999999 0.026666666666666672
0 0.20040875 0.228448 0.04274999999999998 0.024333333333333318
0 0.22765875 0.21419800000000003 0.04425000000000004 0.02150000000000002
0 0.4835576875 0.22722175 0.09349999999999992 0.037777666666666654
0 0.45043268750000004 0.2427774166666667 0.10050000000000003 0.04444433333333331
0 0.51255775 0.21411058333333333 0.08866675000000002 0.03422233333333333
0 0.53830775 0.20305508333333333 0.0853335 0.031555666666666676
0 0.5611827500000001 0.19338850000000002 0.08050000000000002 0.02822233333333335
0 0.5810994375 0.18549949999999998 0.07833350000000006 0.02644433333333332
0 0.5988910625 0.17855508333333334 0.07416649999999991 0.025110999999999994
0 0.6151409999999999 0.17227733333333334 0.07016675000000017 0.02377766666666664
0 0.7854952500000001 0.339752 0.11699999999999999 0.08733333333333337
0 0.79630775 0.3169186666666667 0.10324999999999995 0.07566666666666672
0 0.8047452500000001 0.298502 0.09424999999999994 0.06666666666666665
0 0.70637025 0.26858533333333334 0.10025000000000006 0.056333333333333346
0 0.7199327500000001 0.254627 0.09475 0.05033333333333331
0 0.73180775 0.24283533333333332 0.08924999999999994 0.04466666666666663
0 0.74199525 0.23244641666666666 0.08374999999999999 0.04200000000000001
0 0.8113077500000001 0.282752 0.08625000000000005 0.058666666666666645
0 0.81680775 0.2694464166666667 0.08041675000000004 0.05255566666666664
0 0.7513133750000001 0.22335391666666668 0.07750024999999994 0.039777666666666656
0 0.766063375 0.20885391666666667 0.06966675 0.036000000000000004
0 0.8213133125000001 0.25857616666666666 0.07550025000000005 0.04755533333333331
0 0.825396625 0.24874266666666667 0.07050000000000001 0.04466666666666666
0 0.7590216875 0.21590941666666666 0.07299999999999995 0.036000000000000004
0 0.8291883125 0.23968725 0.06700000000000006 0.04133333333333333
0 0.8323550625 0.23240941666666667 0.06266675 0.03777766666666668
0 0.7724383125000001 0.20224283333333334 0.06516675000000005 0.03444466666666668
0 0.834813375 0.22607616666666666 0.06000000000000005 0.03644433333333333
0 0.777855 0.19663175 0.061166749999999936 0.033110999999999974
0 0.980852375 0.510955 0.040420250000000046 0.07399999999999995
0 0.978664875 0.47078833333333336 0.04517024999999997 0.0653333333333333
0 0.976227375 0.438705 0.05017024999999997 0.06733333333333336
0 0.974477375 0.4127883333333333 0.05267025000000003 0.063
0 0.972477375 0.38962166666666664 0.05717024999999998 0.0673333333333333
0 0.9707898749999999 0.36837166666666665 0.060420250000000064 0.06166666666666665
0 0.969102375 0.351705 0.06317024999999998 0.059333333333333294
0 0.9655598125 0.335205 0.06642024999999996 0.05833333333333335
0 0.983039875 0.5611216666666666 0.035670250000000014 0.08099999999999996
