0 0.48386125 0.52719 0.16600000000000004 0.20433333333333337
0 0.42142375 0.4002733333333333 0.11375000000000002 0.11699999999999999
0 0.4880070625 0.37632908333333337 0.12216674999999999 0.10355600000000004
0 0.5481944375 0.3569679166666666 0.12208325000000003 0.09377799999999997
0 0.564236125 0.48866233333333337 0.16833350000000002 0.17622233333333337
0 0.6317986875 0.45682908333333333 0.1615000000000001 0.15200000000000002
0 0.6880486875 0.429829 0.15083324999999992 0.13222200000000006
0 0.7338611875000001 0.40857899999999997 0.13491649999999988 0.11422199999999999
0 0.7716111875 0.3913845 0.12258324999999992 0.10266666666666668
0 0.806048625 0.37505125 0.11616674999999999 0.09377800000000003
0 0.8376319999999999 0.35971783333333335 0.10599999999999998 0.08155566666666669
0 0.862757 0.34766225 0.09016649999999993 0.07222233333333333
0 0.8826736875 0.33766233333333334 0.08266649999999987 0.0646666666666667
0 0.3930903125 0.5702179166666667 0.15099999999999997 0.22666666666666674
0 0.297007 0.6137734166666667 0.12433349999999999 0.24577766666666673
0 0.203861125 0.6560790000000001 0.10133325000000001 0.2506666666666667
0 0.12027774999999999 0.6925513333333333 0.0925 0.2473333333333333
0 0.0483801875 0.7231346666666667 0.09359025 0.23866666666666658
0 0.0296926875 0.5610513333333333 0.06784024999999999 0.1333333333333333
0 0.27771525 0.45813466666666663 0.08300000000000002 0.14266666666666666
0 0.35065275 0.42780133333333337 0.10199999999999998 0.12799999999999995
0 0.20540275 0.49055133333333334 0.07825000000000001 0.15066666666666662
0 0.13740275 0.522468 0.08175 0.15666666666666668
0 0.07727774999999999 0.5513013333333333 0.08625 0.15766666666666662
0 0.64673 0.328072 0.11749999999999994 0.07566666666666666
0 0.6009175 0.34048866666666666 0.12358325000000003 0.08533333333333326
0 0.6891467499999999 0.31715525 0.12183349999999993 0.07177766666666663
0 0.313428 0.28514133333333336 0.05249999999999999 0.05083333333333334
0 0.35824049999999996 0.271058 0.0595 0.04566666666666669
0 0.40199050000000003 0.258808 0.06387500000000002 0.04166666666666663
0 0.44383425 0.24809966666666666 0.06812500000000005 0.03833333333333333
0 0.26870925 0.3013496666666667 0.04824999999999996 0.05633333333333329
0 0.22414675 0.319183 0.050874999999999976 0.061333333333333295
0 0.18064675 0.3382246666666667 0.055499999999999994 0.06533333333333335
0 0.139053 0.357683 0.05912500000000001 0.06933333333333336
0 0.0997405 0.37755799999999995 0.0615 0.07366666666666666
0 0.06302175 0.39747466666666664 0.063125 0.07616666666666672
0 0.029428 0.4156413333333333 0.059375 0.07083333333333336
0 0.6505216250000001 0.2145165 0.06400000000000006 0.024333333333333318
0 0.62144875 0.16821783333333334 0.04668749999999999 0.014750000000000013
0 0.6405425 0.16784283333333333 0.04556250000000006 0.014083333333333337
0 0.65876125 0.16771783333333334 0.043937500000000074 0.014083333333333337
0 0.6014018750000001 0.16898866666666668 0.04668749999999999 0.014833333333333337
0 0.578558125 0.17023866666666668 0.04743750000000002 0.01583333333333331
0 0.5541050000000001 0.17215533333333333 0.04237500000000005 0.016499999999999987
0 0.424870625 0.19066233333333335 0.0465835 0.02024999999999999
0 0.394516375 0.1969401666666667 0.04468749999999999 0.022166666666666668
0 0.36339137499999996 0.20441933333333334 0.04249999999999998 0.02416666666666667
0 0.331453875 0.2128776666666667 0.040124999999999966 0.026750000000000024
0 0.299047625 0.22248183333333335 0.0365625 0.0295
0 0.2665945 0.23323183333333336 0.033999999999999975 0.03191666666666665
0 0.234203875 0.2451276666666667 0.03487499999999999 0.03466666666666665
0 0.20232887500000002 0.257836 0.037500000000000006 0.03691666666666668
0 0.17175075 0.270961 0.04018749999999999 0.03958333333333336
0 0.141547625 0.28517625 0.046187500000000006 0.04408333333333331
0 0.1115945 0.3002179166666667 0.04531250000000003 0.04463900000000004
0 0.08314668750000001 0.3153775833333333 0.04375000000000001 0.04611133333333339
0 0.056542499999999996 0.33048866666666665 0.0435835 0.046666666666666634
0 0.0311675 0.3457941666666667 0.0435 0.04822199999999999
0 0.673192125 0.21312016666666667 0.0635 0.023333333333333317
0 0.6953588125 0.21200908333333335 0.06041675000000002 0.022999999999999993
