1 0.35612325 0.40909366666666663 0.16375 0.1353333333333333
0 0.31162325 0.36942699999999995 0.14449999999999996 0.11499999999999999
1 0.48074825 0.5185103333333333 0.19474999999999998 0.20733333333333337
1 0.5633732499999999 0.5925103333333334 0.19324999999999998 0.24833333333333335
0 0.6565494374999999 0.6745710833333334 0.18799999999999994 0.28488900000000006
0 0.7499661875 0.7505710833333333 0.16166675000000008 0.29422233333333336
1 0.966318 0.913622 0.07190925000000004 0.21422200000000002
1 0.27732212500000003 0.33846333333333334 0.12416675000000002 0.09555566666666665
1 0.2479054375 0.31028283333333334 0.12283324999999998 0.0899443333333334
1 0.21094712499999999 0.27663 0.09649999999999995 0.06666666666666668
0 0.19385349999999998 0.26142166666666666 0.09125 0.06283333333333335
1 0.1780305625 0.24751891666666664 0.08125000000000002 0.05483333333333332
