1 0.262645 0.8307983333333333 0.2395 0.21333333333333337
1 0.291395 0.6810483333333334 0.21799999999999994 0.15433333333333332
1 0.3188115 0.5628816666666667 0.1965 0.10799999999999998
0 0.342611 0.47266900000000006 0.172 0.08100000000000002
1 0.3616735 0.4047523333333334 0.15400000000000003 0.06899999999999995
1 0.3777985 0.3520856666666667 0.13674999999999998 0.05499999999999999
1 0.8081735 0.8165023333333333 0.22950000000000004 0.21933333333333338
1 0.7739235625 0.6699468333333334 0.21433325000000003 0.16088899999999995
1 0.74084025 0.5536135 0.19400000000000006 0.11199999999999999
1 0.7117568750000001 0.4646135833333333 0.17433349999999992 0.07955566666666658
1 0.6873195 0.39664133333333335 0.15549999999999997 0.06166666666666665
1 0.6666734999999999 0.34478025 0.138 0.04822233333333331
1 0.6501735625 0.3044469166666667 0.12333349999999998 0.03955533333333333
1 0.10884025 0.6562801666666667 0.15033325 0.13244433333333339
1 0.1464235625 0.5593913333333334 0.14633324999999997 0.09155533333333343
1 0.183006875 0.48083575 0.14233325 0.07911099999999999
1 0.2154235 0.41739133333333334 0.13174999999999998 0.068
0 0.24237856249999998 0.367656 0.12158324999999998 0.058444333333333376
1 0.90685775 0.540656 0.1439999999999999 0.09300000000000003
1 0.86717025 0.46398933333333336 0.13674999999999993 0.07166666666666666
1 0.83160775 0.4025726666666667 0.12924999999999998 0.06033333333333335
1 0.79985775 0.3530170833333333 0.12249999999999994 0.05311133333333329
1 0.773335125 0.313048 0.11150000000000004 0.04555566666666666
1 0.6361684375000001 0.2719924166666667 0.11299999999999999 0.031555333333333324
1 0.6241267500000001 0.24610358333333335 0.10199999999999998 0.026888999999999996
1 0.6143766875000001 0.22477025 0.09333325000000003 0.021555666666666695
1 0.60575175 0.20727016666666664 0.08616675000000007 0.018666666666666665
1 0.4132205 0.2519923333333333 0.09537499999999999 0.032333333333333325
1 0.420283 0.230534 0.08812500000000001 0.026833333333333348
1 0.42617874999999994 0.21283966666666668 0.08349999999999996 0.024499999999999994
1 0.431856 0.19757566666666665 0.07737500000000003 0.020666666666666667
1 0.598356 0.19228399999999998 0.07899999999999996 0.01516666666666669
1 0.7514601249999999 0.28138133333333337 0.10083349999999991 0.03666666666666668
1 0.7313768125 0.2554925 0.09583324999999998 0.032889
1 0.071405625 0.7713514166666667 0.14620750000000002 0.17111133333333328
1 0.26590925 0.327441 0.11200000000000002 0.05033333333333334
1 0.943812 0.6377503333333334 0.122 0.1306666666666667
1 0.2862275 0.29499766666666666 0.10250000000000001 0.04349999999999998
1 0.3047484375 0.26778916666666663 0.09833324999999998 0.03888899999999998
1 0.5921086875 0.17939116666666666 0.07366674999999989 0.013333333333333336
1 0.5865670625 0.16816891666666667 0.06899999999999995 0.012000000000000038
1 0.5817128125 0.15841883333333334 0.06533325000000012 0.009777666666666684
1 0.577692 0.14980783333333333 0.06174999999999997 0.009000000000000008
1 0.4367753125 0.18478 0.07183325000000002 0.018666666666666665
1 0.4410253125 0.17347441666666666 0.0675 0.01655533333333331
1 0.444942 0.16341891666666666 0.06308325000000004 0.015222333333333338
1 0.4485045 0.15422450000000001 0.05991674999999996 0.014111333333333337
1 0.3208275 0.24469666666666667 0.09012499999999996 0.03433333333333333
1 0.33357749999999997 0.2258216666666667 0.08174999999999999 0.029166666666666674
1 0.34473375 0.20961333333333335 0.07537500000000003 0.025999999999999995
1 0.35498375 0.19557166666666667 0.07074999999999998 0.02266666666666667
1 0.0772960625 0.40108558333333333 0.08149999999999999 0.05300000000000005
1 0.10519200000000001 0.3630021666666667 0.08050000000000002 0.04866633333333337
1 0.1307336875 0.33089108333333334 0.07849999999999997 0.043111333333333335
1 0.154108625 0.30361333333333335 0.07433325000000002 0.03911100000000006
1 0.1753586875 0.27961325 0.07250000000000001 0.03711099999999995
1 0.195150375 0.2583078333333333 0.06999999999999998 0.03366666666666665
1 0.21297325 0.23996066666666666 0.06674999999999998 0.030333333333333323
1 0.2286295 0.22437733333333332 0.06225000000000003 0.02733333333333332
1 0.04722775 0.44438333333333335 0.08075 0.053666666666666696
1 0.7137972499999999 0.23305733333333334 0.08725000000000005 0.027999999999999997
1 0.69873475 0.214349 0.08137500000000009 0.02416666666666667
1 0.685016 0.19859900000000003 0.07724999999999993 0.02099999999999999
1 0.6730264375 0.18505733333333335 0.07295824999999989 0.01849999999999999
1 0.66298475 0.17347400000000002 0.06787500000000002 0.016000000000000014
1 0.6539430625 0.163113 0.06425000000000003 0.014444333333333337
1 0.645599375 0.15364083333333334 0.05975000000000008 0.01255566666666666
1 0.9619535 0.376613 0.07883324999999997 0.04799999999999999
1 0.9328285000000001 0.33983525000000003 0.0806667499999999 0.04355566666666666
1 0.905286875 0.30872408333333334 0.07766649999999986 0.039555666666666656
1 0.88062025 0.28191866666666665 0.077125 0.03666666666666668
1 0.8580265 0.25858533333333333 0.07462499999999994 0.03316666666666665
1 0.836964 0.23846033333333333 0.07225000000000004 0.030333333333333323
1 0.81768275 0.22083533333333333 0.06874999999999998 0.026999999999999996
1 0.8005890000000001 0.20562699999999998 0.06512499999999999 0.024333333333333346
1 0.78505775 0.19229366666666667 0.062124999999999986 0.021666666666666667
1 0.7707035625 0.18064083333333333 0.0605 0.020222333333333287
1 0.7574951249999999 0.17008525 0.05608325000000003 0.017222000000000015
1 0.9594847499999999 0.263863 0.04849999999999999 0.027666666666666645
1 0.940766 0.2469046666666667 0.047875 0.025666666666666643
1 0.242878875 0.2106005 0.059583499999999956 0.025999999999999995
1 0.256337125 0.19812833333333335 0.05783325 0.02377800000000002
1 0.2682955 0.18671166666666666 0.055166750000000014 0.02255566666666667
1 0.0478684375 0.37948933333333335 0.068125 0.047666666666666635
0 0.07175374999999999 0.3489756666666667 0.06249999999999999 0.03966666666666663
1 0.09400375 0.32301725 0.064 0.03866666666666663
1 0.11600374999999999 0.2989616666666667 0.059875 0.03533333333333333
1 0.13491 0.2781283333333333 0.05500000000000001 0.031166666666666676
1 0.152774625 0.2596005 0.05300000000000002 0.029166666666666674
1 0.170556 0.242559 0.053125000000000006 0.027166666666666672
1 0.18694125 0.22751733333333335 0.05099999999999999 0.02566666666666667
1 0.200954625 0.214497 0.04799999999999999 0.023333333333333345
1 0.054715 0.309261 0.049875 0.031666666666666676
1 0.03493375 0.33026099999999997 0.048625 0.03199999999999997
1 0.0731005 0.29016366666666665 0.04775 0.028833333333333322
