0 0.06875 0.9212365833333334 0.108871 0.15806433333333336
1 0.16834675 0.9206989166666666 0.12661299999999998 0.1612903333333333
0 0.2939515625 0.9174730833333333 0.14838725 0.16989266666666658
1 0.4397176875 0.908871 0.17338699999999996 0.19462366666666675
1 0.5862903125 0.8924730833333333 0.19596775 0.23548400000000003
1 0.7189515625 0.8723118333333333 0.2080645000000001 0.27311833333333335
1 0.8222393124999999 0.839957 0.192183 0.3161290000000001
1 0.8931585625 0.7877136666666666 0.17133350000000003 0.29733333333333334
1 0.9393064375 0.7316023333333332 0.133258 0.2506666666666666
0 0.11466243749999999 0.49625925000000004 0.10499999999999998 0.13766666666666666
0 0.17424574999999998 0.4862036666666667 0.10849999999999999 0.1423333333333333
0 0.24274574999999998 0.4737036666666667 0.10525000000000001 0.14999999999999997
0 0.31993325 0.4593703333333334 0.09725 0.14799999999999996
1 0.40043324999999996 0.4457036666666667 0.09150000000000003 0.14100000000000001
0 0.47999575 0.4334536666666667 0.1055000000000001 0.13266666666666665
0 0.5553082500000001 0.4231203333333334 0.11650000000000005 0.122
0 0.6239957500000001 0.41653700000000005 0.12350000000000005 0.1136666666666667
1 0.68480825 0.41062033333333336 0.123 0.10566666666666669
0 0.73630825 0.40603700000000004 0.11625000000000008 0.10033333333333333
1 0.77949575 0.40234258333333334 0.11474999999999991 0.0914443333333334
1 0.81837075 0.4003146666666667 0.10633324999999993 0.08688866666666667
1 0.85099575 0.3993146666666667 0.09833325000000004 0.08222233333333334
0 0.1592021875 0.38927491666666664 0.0840835 0.0954443333333333
0 0.212160625 0.3783305 0.08633349999999998 0.093889
0 0.271276 0.3663253333333334 0.08225000000000002 0.09200000000000003
0 0.3329635 0.3543253333333334 0.07574999999999998 0.08700000000000002
0 0.3962135 0.3439086666666667 0.06875000000000003 0.08300000000000007
0 0.4583385 0.335742 0.07725000000000004 0.07766666666666666
0 0.518651 0.33082533333333336 0.08749999999999991 0.07633333333333336
0 0.5752759999999999 0.3271586666666667 0.09425000000000006 0.07100000000000001
1 0.6274635 0.32624200000000003 0.09799999999999998 0.067
0 0.6746509999999999 0.325992 0.09550000000000003 0.0656666666666667
1 0.7161718125 0.32574200000000003 0.09449999999999992 0.06333333333333335
1 0.7534426249999999 0.32668641666666665 0.09083350000000001 0.06311133333333335
1 0.786442625 0.32918650000000005 0.08899999999999997 0.06266666666666665
0 0.23812175 0.25823066666666666 0.05712500000000001 0.040666666666666657
0 0.2740905 0.251564 0.05475000000000005 0.03833333333333333
0 0.3125905 0.24464733333333333 0.05262499999999998 0.0363333333333333
0 0.35315300000000005 0.238564 0.04625000000000001 0.0338333333333333
0 0.39387175 0.23314733333333335 0.04299999999999998 0.0335
0 0.4340905 0.229439 0.046499999999999986 0.0295
0 0.47427800000000003 0.22727233333333333 0.05237500000000006 0.02883333333333335
0 0.5141530000000001 0.226939 0.05725000000000002 0.026499999999999996
0 0.5519655 0.226939 0.05787500000000001 0.02616666666666667
1 0.5873405 0.22689733333333334 0.062124999999999986 0.026499999999999996
1 0.6210905 0.22798066666666666 0.06225000000000003 0.028833333333333322
1 0.6537155000000001 0.23039733333333334 0.06612499999999999 0.030666666666666648
0 0.68293425 0.233064 0.060124999999999984 0.030000000000000027
1 0.70837175 0.23577233333333333 0.06274999999999997 0.033
1 0.7328405 0.23923066666666665 0.06424999999999992 0.03416666666666665
0 0.25687175 0.23002233333333333 0.048750000000000016 0.0295
0 0.29018425000000003 0.22406399999999999 0.046999999999999986 0.02833333333333332
0 0.32302800000000004 0.21910566666666667 0.04212499999999997 0.02566666666666667
0 0.357653 0.214564 0.04049999999999998 0.02483333333333332
1 0.3937155 0.20977233333333334 0.037250000000000005 0.02266666666666667
0 0.42893425 0.20673066666666667 0.03862500000000002 0.01983333333333334
0 0.46396550000000003 0.20489733333333332 0.043125000000000024 0.019666666666666666
0 0.498653 0.20423066666666667 0.04799999999999999 0.01933333333333334
0 0.5313405 0.20398066666666667 0.04962500000000003 0.01999999999999999
1 0.562903 0.20364733333333335 0.05537500000000006 0.020166666666666666
0 0.59418425 0.20414733333333335 0.05262499999999992 0.021166666666666667
1 0.624028 0.20564733333333335 0.056500000000000106 0.02366666666666667
0 0.6515748750000001 0.20777233333333334 0.05312499999999998 0.024666666666666642
1 0.67437175 0.20968900000000001 0.05237499999999995 0.025333333333333347
0 0.69530925 0.21177233333333334 0.052999999999999936 0.025499999999999995
0 0.71549675 0.21410566666666667 0.051750000000000074 0.02583333333333332
1 0.7360905 0.217064 0.05149999999999999 0.024999999999999994
1 0.75324675 0.24173066666666665 0.0615 0.034
1 0.7736842500000001 0.24460566666666667 0.0655 0.03649999999999998
0 0.28667575 0.184992 0.035750000000000004 0.02099999999999999
0 0.31123825 0.18099200000000001 0.035499999999999976 0.021666666666666667
0 0.33801950000000003 0.17632533333333333 0.03475 0.020166666666666666
0 0.3661445 0.17107533333333333 0.031000000000000028 0.018333333333333313
1 0.39355075 0.16765866666666668 0.028500000000000025 0.015333333333333338
0 0.42011325 0.16532533333333332 0.028749999999999998 0.012833333333333335
0 0.44642575 0.164742 0.030874999999999986 0.01200000000000001
1 0.47311325 0.16420033333333334 0.03437499999999999 0.012166666666666687
0 0.4991445 0.16407533333333332 0.03612500000000002 0.01266666666666666
1 0.52436325 0.163992 0.03775000000000006 0.012833333333333335
1 0.54842575 0.16403366666666666 0.03675000000000006 0.012500000000000011
1 0.57148825 0.16478366666666666 0.037250000000000005 0.01366666666666666
0 0.3199883125 0.16570016666666665 0.03016650000000004 0.014444333333333337
0 0.34402999999999995 0.16225575 0.02949999999999997 0.014888999999999986
0 0.3689675 0.15886683333333335 0.028000250000000004 0.01266666666666666
0 0.39398825 0.1565335 0.025000000000000022 0.010888666666666685
0 0.4178216875 0.15486683333333334 0.025999999999999968 0.009333333333333332
0 0.44211337500000003 0.15392241666666667 0.028500000000000025 0.010666666666666658
0 0.46582175000000003 0.15292250000000002 0.029666499999999985 0.012222333333333335
0 0.48902999999999996 0.15208908333333335 0.03233349999999996 0.011333666666666659
0 0.5120299375 0.15175583333333334 0.03533325000000004 0.012222333333333335
0 0.534259125 0.15195016666666666 0.03412499999999996 0.011722666666666687
1 0.5562695625 0.15263091666666667 0.03629150000000003 0.011666666666666659
1 0.5783633125000001 0.15417233333333333 0.03358349999999999 0.011444666666666659
0 0.5976341875 0.15546408333333334 0.037166750000000026 0.012555333333333335
1 0.5943841875 0.16628358333333335 0.040583499999999995 0.015889000000000014
1 0.6154779374999999 0.1679085 0.039083250000000014 0.01522233333333331
0 0.615582 0.15703366666666668 0.03562499999999991 0.012166666666666659
1 0.63486325 0.169242 0.038000000000000034 0.014999999999999986
1 0.632582 0.158742 0.038999999999999924 0.014000000000000012
1 0.65367575 0.17128366666666667 0.039125000000000076 0.015666666666666662
