0 0.29185587500000004 0.7823495833333334 0.22559600000000002 0.2508513333333334
0 0.337698125 0.6429877500000001 0.2176665 0.19733333333333336
0 0.3795315 0.5293210833333334 0.19866674999999995 0.14444433333333329
0 0.4141148125 0.4413211666666667 0.17633325 0.10488899999999995
0 0.441864875 0.37487658333333335 0.15566675000000002 0.08044466666666672
0 0.4638648125 0.32298774999999996 0.13700000000000007 0.058221999999999996
0 0.4808648125 0.28387666666666667 0.12466675000000005 0.04533366666666666
0 0.015140750000000001 0.6675433333333334 0.05294825 0.14088900000000004
0 0.0488778125 0.5707655 0.10194825 0.12444466666666676
0 0.09461481249999999 0.4962099166666667 0.10433324999999999 0.09733333333333338
0 0.13794818749999999 0.431321 0.10933349999999999 0.08044466666666666
0 0.178531375 0.37498783333333335 0.10866675 0.06
0 0.2162815 0.32921008333333335 0.10633350000000003 0.05022199999999999
0 0.2509481875 0.28976558333333335 0.10166674999999997 0.037778000000000034
0 0.281323125 0.25754333333333335 0.09633325000000001 0.032444333333333325
0 0.30790649999999997 0.23051558333333333 0.09241674999999999 0.025889000000000023
0 0.33182318749999995 0.20770991666666666 0.08691674999999999 0.021999999999999992
0 0.3517815625 0.18887666666666666 0.08091650000000006 0.01833333333333334
0 0.3697815 0.17248783333333334 0.07733349999999994 0.016666666666666663
0 0.385989875 0.15829333333333334 0.07275000000000004 0.01377766666666666
0 0.4004898125 0.14640441666666668 0.06883325000000007 0.012555333333333335
0 0.41313568749999996 0.13584891666666668 0.06491650000000004 0.010444333333333333
0 0.4250314375 0.12657108333333333 0.06158350000000001 0.010444333333333347
0 0.435677375 0.11807116666666667 0.056999999999999995 0.009777666666666657
0 0.4446565 0.11101558333333333 0.05508349999999995 0.008555666666666684
0 0.45330225 0.10457125 0.05291674999999996 0.008444000000000021
0 0.46830225000000003 0.09318225000000001 0.04808374999999998 0.007555666666666655
0 0.4607815 0.09876558333333334 0.04891650000000003 0.007444333333333331
0 0.4755731875 0.08776558333333334 0.04525000000000001 0.007777666666666669
0 0.4821148125 0.08304333333333333 0.043333250000000045 0.006444666666666668
0 0.4882190625 0.07876558333333333 0.040583499999999995 0.0072223333333333445
0 0.4939273125 0.07468233333333334 0.03749999999999992 0.00655533333333333
0 0.4982606875 0.07118225 0.035666750000000025 0.006222000000000005
0 0.6338015625 0.8657088333333334 0.24277125 0.29150466666666675
0 0.7360605625 0.7962465000000001 0.21084325000000004 0.3172689999999999
0 0.8470795000000001 0.6394233333333333 0.15025 0.20666666666666667
0 0.7826685 0.54838275 0.15166674999999996 0.17288900000000001
0 0.7221685 0.46727166666666664 0.15400000000000003 0.137778
0 0.6661684375 0.40049391666666667 0.15000000000000002 0.10533333333333333
0 0.6188351875 0.34904941666666667 0.129 0.08044433333333328
0 0.95686425 0.464895 0.07200000000000006 0.10200000000000004
0 0.9769294374999999 0.42231166666666664 0.05126075000000008 0.07633333333333336
0 0.93930175 0.3814783333333333 0.06099999999999994 0.069
0 0.91242675 0.41331166666666663 0.07525000000000004 0.08766666666666667
0 0.86792675 0.3660616666666666 0.08099999999999996 0.07366666666666666
0 0.90061425 0.341145 0.06525000000000003 0.05733333333333335
0 0.8253850625 0.32486725 0.08599999999999997 0.05877766666666667
0 0.8623434375 0.30620058333333333 0.06758324999999998 0.04833333333333334
0 0.7842391875 0.28995066666666663 0.08783325000000008 0.049555666666666665
0 0.82515575 0.27539516666666664 0.07099999999999995 0.040222333333333304
0 0.7454891875 0.25933958333333335 0.08633325000000003 0.041777666666666685
0 0.7896141875 0.24817283333333331 0.07133325000000013 0.03466666666666665
0 0.7102808125 0.23389516666666665 0.08466675000000001 0.03488900000000003
0 0.6791558125 0.21178391666666666 0.08133349999999995 0.029555666666666675
0 0.649739125 0.19317283333333332 0.07999999999999996 0.02533333333333332
0 0.624405875 0.17711733333333332 0.07016650000000002 0.022222333333333316
0 0.6017390625 0.16378399999999999 0.07083375000000003 0.020222333333333342
0 0.5804891249999999 0.15217291666666666 0.06366675 0.018221999999999988
0 0.561864125 0.1418395 0.0655 0.01844433333333334
0 0.7568225625 0.22439516666666667 0.07199999999999995 0.028888999999999998
0 0.7259058125 0.20395066666666667 0.07050024999999993 0.025110999999999994
0 0.6970725 0.18622841666666667 0.07083349999999988 0.02111099999999999
0 0.6715725625 0.17111733333333332 0.06799999999999995 0.01844433333333334
0 0.648489125 0.157784 0.06800000000000006 0.016666666666666663
0 0.6265725625 0.14639508333333334 0.06483325000000006 0.014444666666666689
0 0.6069891875 0.13595066666666666 0.061166749999999936 0.014444666666666661
0 0.5886974375 0.126284 0.05900000000000005 0.012666666666666673
0 0.5722391874999999 0.1178395 0.055499999999999994 0.011999999999999997
0 0.97612125 0.33578633333333335 0.04049999999999998 0.04466666666666663
0 0.9460587500000001 0.30703633333333336 0.04400000000000004 0.039000000000000035
0 0.91718375 0.280453 0.04675000000000007 0.03366666666666668
0 0.8878503125 0.2566751666666667 0.04858324999999997 0.030444333333333295
0 0.8595795 0.23478633333333335 0.04949999999999999 0.0257776666666667
0 0.832933625 0.21550858333333334 0.04866675000000009 0.021111333333333315
0 0.8068086250000001 0.19814741666666666 0.05083350000000009 0.02022199999999999
0 0.7817670625 0.18198083333333331 0.051083250000000024 0.01733333333333334
0 0.7579336875 0.16792525 0.051083250000000024 0.015555333333333338
0 0.734725375 0.15536966666666666 0.04991649999999992 0.013888999999999985
0 0.7142045 0.144203 0.046499999999999986 0.01200000000000001
0 0.6947670625 0.1340363333333333 0.04983325000000005 0.01100000000000001
0 0.6759754375 0.12500858333333334 0.04849999999999999 0.009000333333333319
0 0.6586003125 0.116703 0.043833249999999935 0.008111000000000007
0 0.583267 0.08275866666666667 0.036166749999999914 0.006666666666666668
0 0.572371125 0.07825858333333333 0.034499999999999975 0.006666666666666668
0 0.561787875 0.07428633333333333 0.03025 0.005777666666666667
0 0.55272525 0.07073075000000001 0.029000000000000026 0.004888999999999991
0 0.9801628125 0.28148075 0.02958324999999984 0.025999999999999968
0 0.958142 0.26206416666666665 0.0299164999999999 0.023333333333333317
0 0.9356628125 0.24361975 0.03141649999999996 0.02099999999999999
0 0.9133919375 0.22631416666666665 0.0330832499999999 0.01899999999999999
0 0.891392 0.21048075 0.03200025000000006 0.01622233333333334
0 0.870183625 0.19567516666666668 0.03233324999999987 0.015555666666666662
0 0.849496125 0.1817308333333333 0.03366649999999993 0.013999999999999985
0 0.829392 0.169203 0.03391675000000016 0.01211100000000001
0 0.8102253125000001 0.15831408333333336 0.03233324999999998 0.011444666666666659
0 0.7932669375 0.14831408333333335 0.02916675000000013 0.010222333333333333
0 0.9927575625 0.2650640833333333 0.016378749999999997 0.016889000000000043
0 0.9758711875 0.251203 0.025666499999999925 0.019778000000000018
0 0.9568086875 0.23584191666666668 0.025583249999999946 0.018333333333333313
0 0.9377253125 0.22084183333333335 0.02825000000000011 0.01633333333333331
0 0.91866275 0.20670291666666668 0.028166749999999907 0.015222333333333365
0 0.902037875 0.19403633333333334 0.02674999999999994 0.012555333333333363
0 0.71267325 0.10013366666666668 0.021499999999999964 0.01241666666666666
0 0.7307982500000001 0.10536283333333334 0.022062499999999985 0.012916666666666674
0 0.74898575 0.11130033333333333 0.023937500000000056 0.014249999999999999
0 0.7667513750000001 0.11723783333333333 0.02387499999999998 0.014083333333333337
0 0.7840013750000001 0.12346700000000001 0.025000000000000022 0.015499999999999986
0 0.801032625 0.13013366666666665 0.025937499999999947 0.015916666666666662
0 0.8177357500000001 0.13700866666666667 0.027812500000000018 0.01708333333333334
0 0.8349545 0.144092 0.030750000000000055 0.018416666666666665
0 0.8518295 0.15096700000000002 0.02981250000000002 0.019333333333333313
0 0.86711075 0.15744616666666666 0.029187499999999922 0.020166666666666666
0 0.8817982500000001 0.16375866666666666 0.02893749999999995 0.02066666666666664
0 0.896642 0.17048783333333334 0.029187500000000033 0.02124999999999999
0 0.91023575 0.17700866666666665 0.02662500000000001 0.01999999999999999
0 0.9225326250000001 0.18355033333333332 0.02793749999999995 0.021833333333333316
0 0.9351107500000001 0.19040449999999998 0.026375000000000037 0.020250000000000018
0 0.946532625 0.1962795 0.023374999999999924 0.01808333333333334
0 0.956907625 0.20152949999999997 0.021375000000000033 0.01658333333333331
0 0.966720125 0.20669616666666665 0.02112499999999995 0.016666666666666663
