0 0.4116935625 0.783871 0.31451624999999994 0.339785
0 0.2998870625 0.5830538333333333 0.19966674999999998 0.248
0 0.2617205 0.4846094166666667 0.16433325000000001 0.1875553333333333
0 0.237657875 0.418276 0.14500025000000002 0.14400000000000002
0 0.22082600000000002 0.368869 0.13125000000000003 0.129
0 0.2063885 0.32653566666666667 0.11875000000000002 0.10699999999999998
0 0.196076 0.29478566666666667 0.11000000000000001 0.096
0 0.1875135 0.2684523333333333 0.0995 0.08533333333333332
0 0.1817635 0.24478566666666665 0.09075 0.08100000000000002
0 0.49118525 0.21673766666666666 0.12699999999999995 0.07533333333333336
0 0.45556025 0.192321 0.11925000000000002 0.0663333333333333
0 0.42531025 0.171821 0.10999999999999999 0.059666666666666646
0 0.39706025 0.15440433333333334 0.10150000000000003 0.05266666666666664
0 0.37074775 0.138821 0.09550000000000003 0.04899999999999999
