0 0.7828225 0.701875 0.21500000000000008 0.29333333333333333
0 0.7126975 0.5802083333333333 0.20999999999999996 0.2413333333333334
0 0.6500724999999999 0.4720416666666667 0.20599999999999996 0.18999999999999995
1 0.59505175 0.38454166666666667 0.19474999999999987 0.13866666666666666
0 0.54861425 0.3167083333333333 0.17724999999999996 0.11433333333333334
0 0.5111767500000001 0.2630416666666667 0.15899999999999997 0.09
0 0.253106 0.8775317499999999 0.26399999999999996 0.25795766666666664
0 0.20743925000000002 0.7147646666666666 0.22350000000000003 0.2546666666666666
0 0.1920225625 0.5783756666666666 0.19199999999999998 0.2177776666666666
1 0.1869728125 0.4729979166666667 0.17233349999999997 0.171111
1 0.18755625 0.34480333333333335 0.141 0.11800000000000005
0 0.18643125 0.40038666666666667 0.15399999999999997 0.1256666666666667
0 0.19024375 0.29113666666666665 0.12799999999999997 0.10666666666666672
0 0.19318125 0.24880333333333332 0.11549999999999999 0.08533333333333332
0 0.28842075 0.15044233333333334 0.05149999999999999 0.051833333333333315
0 0.382452 0.12427566666666667 0.0665 0.04216666666666666
0 0.42735825 0.11560899999999999 0.070625 0.040666666666666657
0 0.469077 0.10969233333333334 0.06687499999999996 0.03766666666666668
0 0.4807125 0.22055341666666667 0.14625 0.07422199999999995
