0 0.4018870625 0.7795119166666666 0.2800795 0.37570933333333345
0 0.317395 0.6756526666666667 0.24177075 0.30874
0 0.55013575 0.5560076666666667 0.21400000000000002 0.2526666666666668
0 0.46626075 0.492841 0.20150000000000007 0.20066666666666672
0 0.39988575 0.44117433333333334 0.187 0.16800000000000004
0 0.35038574999999994 0.39867433333333335 0.16850000000000004 0.14199999999999996
0 0.31413575 0.36661875 0.15399999999999994 0.12266666666666665
1 0.2813856875 0.34161875 0.15166674999999996 0.10844433333333331
0 0.2516356875 0.3205631666666666 0.13099999999999998 0.09377766666666665
1 0.2291773125 0.30339641666666667 0.11783350000000001 0.08355533333333337
1 0.2103856875 0.2895075833333333 0.10883324999999999 0.07511133333333336
0 0.1950523125 0.2780630833333333 0.10016675 0.068
1 0.18163562500000002 0.2683408333333333 0.09300024999999998 0.06355533333333332
0 0.169844 0.25934091666666664 0.08533325 0.05911133333333335
1 0.16038568749999998 0.25217425 0.07833325000000001 0.05288866666666667
1 0.1520106875 0.24656308333333332 0.07499999999999998 0.04888899999999999
1 0.08631275 0.2922714166666667 0.06820849999999999 0.056499999999999995
0 0.0910523125 0.30263249999999997 0.0733335 0.06466666666666665
1 0.0964273125 0.3142296666666667 0.0783335 0.07133333333333336
0 0.102719 0.3270075 0.08433324999999998 0.07755566666666663
0 0.10984393749999999 0.3417854166666667 0.0915 0.08622233333333335
1 0.11834399999999999 0.35934083333333333 0.10066674999999999 0.09733333333333338
0 0.128885625 0.3812851666666667 0.11333349999999999 0.11177766666666666
1 0.141760625 0.4073408333333334 0.1275 0.124
0 0.1592380625 0.43878533333333336 0.14666675 0.1444443333333334
0 0.8721985624999999 0.41884116666666665 0.06399999999999995 0.10933300000000001
0 0.8146152499999999 0.3853965833333333 0.07033325000000001 0.10755566666666666
0 0.7564485624999999 0.34973 0.07966675000000001 0.09644466666666662
0 0.69786525 0.31773 0.09066649999999987 0.08577799999999997
0 0.641448625 0.2896188333333333 0.09399999999999997 0.07155566666666663
0 0.589781875 0.26684108333333334 0.09633350000000007 0.06222233333333335
0 0.543698625 0.24806333333333333 0.09266674999999996 0.053777666666666696
0 0.5036153124999999 0.23206325 0.08933324999999998 0.04577766666666666
1 0.4665319375 0.21850783333333335 0.09466674999999991 0.04266699999999998
0 0.43319862499999995 0.20839666666666667 0.08966650000000004 0.039111000000000035
0 0.4027819375 0.2001745 0.09233349999999996 0.035999999999999976
0 0.37536525000000004 0.19278566666666666 0.08266674999999996 0.035333333333333355
0 0.351823625 0.18661883333333334 0.07833325000000002 0.034444333333333355
1 0.33211525 0.18173 0.07666675 0.032222333333333325
1 0.3140319375 0.1779521666666667 0.07500000000000001 0.031111
0 0.296073625 0.17528558333333333 0.06866674999999994 0.028888666666666646
1 0.2809069375 0.17311891666666668 0.06366675000000002 0.027555666666666673
0 0.2668444375 0.17173 0.0595 0.024888999999999967
1 0.2544485625 0.17011900000000002 0.05499999999999999 0.02422200000000002
0 0.243781875 0.1686745 0.052333250000000026 0.02266666666666667
1 0.2330319375 0.16784116666666665 0.049000000000000016 0.02088899999999999
0 0.2234069375 0.16684108333333336 0.04600024999999999 0.019555333333333313
1 0.214073625 0.1661745 0.038833249999999986 0.017999666666666664
0 0.08229275 0.283114 0.06475 0.05083333333333334
1 0.078324 0.27511399999999997 0.060875 0.044499999999999984
0 0.0752615 0.26819733333333334 0.057249999999999995 0.04199999999999998
0 0.14519900000000002 0.24144733333333335 0.07100000000000002 0.04550000000000001
0 0.13854275000000002 0.23657233333333333 0.06725000000000003 0.04350000000000001
1 0.131824 0.23232233333333333 0.06400000000000002 0.040666666666666657
1 0.664956375 0.6436086666666667 0.22931025000000005 0.3310346666666667
