1 0.45078124999999997 0.6374033333333333 0.22299999999999998 0.262
1 0.54528125 0.7222366666666666 0.22750000000000004 0.31199999999999994
1 0.65215625 0.8112366666666667 0.2124999999999999 0.35
1 0.76553125 0.8736775 0.18100000000000005 0.28242999999999996
1 0.86953125 0.9055108333333334 0.1200000000000001 0.2170966666666666
1 0.259543125 0.8747389999999999 0.26506025 0.27303866666666665
1 0.174753875 0.77555575 0.22108425000000004 0.30120500000000006
1 0.133362375 0.6764459166666666 0.18666675 0.24577800000000005
1 0.10552906249999999 0.6000013333333334 0.161 0.2004446666666666
1 0.086779 0.5410014166666667 0.1413335 0.1644443333333333
1 0.07404975 0.494557 0.12575 0.1373333333333333
1 0.0646123125 0.4579459166666667 0.1125 0.11822233333333337
1 0.057862375 0.42811258333333335 0.10300000000000001 0.10111133333333333
1 0.052404 0.40377916666666663 0.09383324999999999 0.08999999999999997
1 0.3747278125 0.5629158333333333 0.20420475 0.2106666666666666
0 0.31647775 0.5031380833333333 0.18266675000000002 0.1685463333333333
1 0.272162 0.456161 0.16324999999999998 0.14033333333333337
1 0.79772175 0.47730466666666665 0.07599999999999996 0.1316666666666667
0 0.85978425 0.519388 0.06574999999999998 0.14266666666666666
1 0.9172217500000001 0.5605546666666666 0.06399999999999995 0.15166666666666667
1 0.96778425 0.592888 0.0635 0.1286666666666667
0 0.7349092500000001 0.4369713333333333 0.08925000000000005 0.11699999999999999
1 0.6732217500000001 0.4004713333333333 0.10150000000000003 0.10366666666666668
0 0.61478425 0.3682213333333333 0.10850000000000004 0.08799999999999997
1 0.56059675 0.340138 0.11425000000000007 0.07766666666666666
1 0.51065925 0.316638 0.11099999999999999 0.06666666666666665
1 0.4670968125 0.29674908333333333 0.1101665 0.058889000000000025
1 0.4285551875 0.28030466666666665 0.10616674999999998 0.051555333333333286
1 0.3948051875 0.2668046666666667 0.10083350000000002 0.046222333333333365
1 0.3653051875 0.2553325 0.09666674999999997 0.04200000000000001
0 0.339899 0.24567966666666666 0.09012500000000001 0.03883333333333333
0 0.31761775000000003 0.237638 0.08775 0.03616666666666665
0 0.142916 0.256505 0.043875 0.026000000000000023
1 0.11316599999999999 0.27313 0.04049999999999998 0.028666666666666674
0 0.08250974999999999 0.29129666666666665 0.03937499999999999 0.033499999999999974
1 0.05069725 0.3106716666666667 0.036 0.03650000000000003
0 0.019686812499999998 0.3316716666666667 0.032374999999999994 0.043333333333333335
1 0.04799925 0.38300500000000004 0.08637500000000001 0.07866666666666666
0 0.7522180625000001 0.3044633333333333 0.05066674999999998 0.049778000000000044
0 0.713259625 0.2849634166666667 0.05516674999999993 0.04444433333333336
0 0.6746346875 0.2671855833333333 0.06083324999999984 0.03911133333333336
0 0.637551375 0.2515189166666667 0.0625 0.03377766666666665
0 0.6020513125 0.23768558333333334 0.0655 0.030444333333333323
0 0.5682805 0.22590775 0.0638335000000001 0.026666666666666672
0 0.5369262499999999 0.21551883333333333 0.06383324999999995 0.024444333333333318
0 0.5069263125 0.20629658333333334 0.06533325000000001 0.02288900000000002
0 0.47959300000000005 0.1985745 0.061000000000000054 0.01911099999999999
0 0.870509625 0.37346333333333337 0.043666749999999976 0.06622233333333333
0 0.9084263125 0.3983521666666667 0.04733324999999999 0.07177766666666663
0 0.9449263125 0.42424116666666667 0.04783324999999994 0.07622233333333334
1 0.97756975 0.4477966666666667 0.04390700000000003 0.06622233333333338
