0 0.6794854375 0.8557185833333333 0.2512049999999999 0.2610443333333333
1 0.7082504375 0.71274675 0.20963874999999998 0.22489966666666672
0 0.7279794375 0.59848975 0.17469875 0.18714866666666674
1 0.739274625 0.5143531666666666 0.14759025000000003 0.1357429999999999
1 0.08264793749999999 0.831823 0.14457825 0.26184700000000005
1 0.2189431875 0.6149555 0.1656625 0.2024096666666667
1 0.2827986875 0.5247949166666667 0.16867474999999996 0.1614456666666667
1 0.34108175 0.4486905 0.16144575 0.1220883333333333
0 0.39052749999999997 0.38799300000000003 0.14900000000000002 0.09333333333333332
1 0.13761087500000002 0.45677075 0.10499999999999998 0.11688900000000002
1 0.18911093750000002 0.40165966666666664 0.11166674999999998 0.0942223333333333
1 0.2386941875 0.3541040833333333 0.10966674999999998 0.07733333333333331
0 0.2845275625 0.31399299999999997 0.10599999999999998 0.05999966666666667
1 0.323027625 0.2805485833333333 0.09866674999999997 0.051555666666666666
