0 0.4543315 0.8076741666666667 0.29943525 0.36942866666666674
0 0.295904 0.5819209166666667 0.17796624999999996 0.24607666666666655
0 0.21747575 0.44135366666666664 0.10800000000000001 0.14266666666666666
0 0.9218507499999999 0.7948536666666667 0.1595000000000001 0.3586666666666668
0 0.82785075 0.7160203333333334 0.18499999999999994 0.404
0 0.7179757499999999 0.618187 0.1765 0.3793333333333334
0 0.6103507499999999 0.5248536666666667 0.13049999999999995 0.3093333333333334
0 0.51585075 0.4470203333333333 0.10399999999999998 0.24199999999999994
0 0.44122575 0.38335366666666665 0.09750000000000003 0.18066666666666664
0 0.38197575 0.3360203333333333 0.09700000000000003 0.14133333333333326
0 0.33560075 0.2993536666666667 0.08699999999999997 0.10999999999999999
0 0.285517375 0.26135375 0.0806665 0.07777766666666663
0 0.2619340625 0.243687 0.07400000000000004 0.06466699999999997
0 0.2267675 0.2186315 0.06349999999999997 0.048889000000000016
0 0.2426006875 0.22974266666666665 0.06816649999999996 0.055999999999999994
0 0.213059 0.2095205 0.05849974999999999 0.04311099999999998
0 0.20218406249999998 0.20152041666666665 0.05233324999999997 0.037555666666666654
0 0.193184 0.19490933333333332 0.050833249999999996 0.03444433333333333
0 0.1849340625 0.18940925 0.04683324999999999 0.029555666666666675
0 0.1777256875 0.18524266666666667 0.04349999999999998 0.026222000000000023
0 0.13110075 0.2590205 0.037000000000000005 0.038666666666666655
0 0.1235590625 0.24024266666666666 0.032666749999999994 0.03155566666666665
0 0.117809125 0.22563166666666667 0.02750000000000001 0.025999999999999995
0 0.11310075 0.21440933333333334 0.024166750000000015 0.021555333333333343
0 0.10910075 0.20490925 0.020833500000000005 0.018222333333333313
0 0.1064340625 0.19696491666666666 0.018500000000000003 0.014444333333333309
0 0.10385075 0.19046483333333333 0.017 0.012888999999999956
