0 0.36858674999999996 0.8828805833333333 0.257 0.2652703333333334
0 0.26883675 0.7927296666666666 0.22549999999999998 0.31799999999999995
0 0.20933675 0.696563 0.18750000000000003 0.2553333333333332
0 0.16458674999999998 0.6126463333333334 0.16599999999999998 0.22933333333333328
0 0.1334825 0.544313 0.133 0.16866666666666674
0 0.11473249999999999 0.5011463333333334 0.11725 0.1403333333333333
0 0.10085749999999999 0.466563 0.10474999999999998 0.12699999999999995
0 0.089795 0.43697966666666666 0.09299999999999999 0.10733333333333334
0 0.0818575 0.413563 0.086 0.09133333333333332
0 0.07492 0.39439633333333335 0.07874999999999999 0.08400000000000002
0 0.85468875 0.5870175833333333 0.10233325000000004 0.204889
0 0.7720221875 0.53318425 0.11766674999999993 0.18977766666666668
0 0.6903555 0.48140641666666667 0.128 0.172
0 0.6110221875 0.43562866666666666 0.14 0.15022200000000002
0 0.5393555 0.3955175833333333 0.13866674999999995 0.12755566666666662
0 0.4762721875 0.3620730833333333 0.13666674999999995 0.11111133333333334
0 0.422772125 0.3354065 0.12566675 0.09199966666666665
0 0.3782721875 0.31351758333333335 0.11666674999999999 0.08400000000000002
0 0.3412305 0.29712866666666665 0.10550025000000002 0.07288866666666666
0 0.3116888125 0.2835175833333333 0.09883325000000004 0.06644433333333333
0 0.2853555 0.27268416666666667 0.09216674999999999 0.058666666666666645
0 0.86302225 0.42196199999999995 0.07050000000000001 0.12033333333333335
0 0.80152225 0.384712 0.06700000000000006 0.09999999999999998
0 0.7405222499999999 0.35162866666666664 0.08599999999999997 0.09566666666666668
0 0.67739725 0.319462 0.09224999999999994 0.08466666666666667
0 0.61945975 0.293212 0.09375 0.06966666666666665
0 0.5657097499999999 0.27137866666666666 0.10124999999999995 0.06333333333333332
0 0.51695975 0.25412866666666667 0.09525000000000006 0.05299999999999999
0 0.47339725 0.240462 0.09649999999999997 0.046333333333333365
0 0.43414725 0.22904533333333332 0.08775000000000005 0.04033333333333333
0 0.39902224999999997 0.22037866666666667 0.08274999999999999 0.03733333333333333
0 0.9045638125 0.314462 0.04233324999999999 0.065778
0 0.866022125 0.2913509166666667 0.0451665 0.06288900000000003
0 0.817438875 0.26523975 0.05783324999999995 0.060666666666666674
0 0.767897125 0.24079533333333333 0.05349999999999999 0.05111133333333334
0 0.8902825 0.24830933333333333 0.03412500000000007 0.03516666666666665
0 0.8601887500000001 0.23130933333333334 0.03649999999999998 0.033833333333333354
0 0.8275950000000001 0.21476766666666666 0.03399999999999992 0.03
0 0.79522 0.19930933333333334 0.034499999999999975 0.026666666666666672
0 0.76312625 0.18526766666666666 0.03650000000000009 0.023833333333333345
0 0.7314075 0.17230933333333334 0.040000000000000036 0.021999999999999992
0 0.70018875 0.16105933333333333 0.04162500000000002 0.01949999999999999
0 0.66597 0.15005933333333332 0.051000000000000045 0.01983333333333334
0 0.8960013125 0.2131565 0.0283334999999999 0.028999999999999998
0 0.871501375 0.19976758333333333 0.027166500000000093 0.027666666666666673
0 0.8466888125 0.18679525000000002 0.02566674999999996 0.02622233333333332
0 0.820918 0.17432308333333332 0.028166499999999983 0.02522233333333332
0 0.7951888125000001 0.16248975 0.02666674999999996 0.02111100000000002
0 0.7697721875 0.15182308333333333 0.030666749999999965 0.01977799999999999
0 0.7456888125 0.14298975 0.027500250000000004 0.01622233333333334
0 0.6610064999999999 0.19762000000000002 0.06062499999999993 0.03666666666666668
0 0.61872525 0.18387 0.07150000000000001 0.03583333333333333
0 0.57847525 0.17212 0.06562499999999993 0.02983333333333335
0 0.54491275 0.16353666666666666 0.06549999999999989 0.026833333333333348
0 0.51403775 0.15637 0.06349999999999989 0.024833333333333346
0 0.48685025 0.15137 0.059749999999999914 0.02149999999999999
