0 0.7744601875 0.5568185 0.2290725 0.296672
0 0.9332191875 0.7543371666666666 0.15209099999999998 0.3070426666666666
0 0.6006415625 0.37084416666666664 0.21616599999999997 0.20468066666666668
0 0.46547299999999997 0.249112 0.1541249999999999 0.12210233333333328
0 0.37909775 0.17794475 0.10870825 0.07841666666666666
1 0.3235143125 0.13597591666666667 0.08174999999999999 0.05305533333333333
1 0.2859205 0.109483 0.06508324999999998 0.04022233333333333
1 0.258786 0.09130508333333334 0.05212500000000003 0.031444666666666676
1 0.239015125 0.07834674999999999 0.042333499999999996 0.02577800000000001
1 0.2238485 0.06865225 0.036500000000000005 0.02144433333333333
1 0.2117234375 0.06115233333333333 0.030666749999999993 0.017889000000000002
1 0.201890125 0.05529116666666666 0.026999999999999996 0.016444666666666663
1 0.19346487499999998 0.049703166666666666 0.02516650000000001 0.016
0 0.5535395625 0.7136606666666666 0.2915315 0.39367166666666653
0 0.3847494375 0.46611508333333335 0.1966675 0.26343733333333336
0 0.2865979375 0.310819 0.12209825000000002 0.16005200000000003
0 0.236654625 0.226839 0.0723125 0.08616666666666667
1 0.211133125 0.18287041666666667 0.05727075000000001 0.06322233333333332
0 0.1919358125 0.14855066666666666 0.048541749999999995 0.05738900000000001
0 0.7131926875 0.93131975 0.23814375 0.19183433333333344
0 0.17672925 0.12196575000000001 0.03799999999999998 0.039777666666666656
1 0.1658543125 0.1032435 0.031333499999999986 0.03177766666666665
