1 0.7514545 0.14124083333333332 0.15166674999999996 0.24266666666666664
1 0.6497045 0.07859733333333334 0.17033325 0.18079633333333334
1 0.540871125 0.042176000000000005 0.16233324999999998 0.11057433333333334
1 0.8408711875 0.22246316666666666 0.12633325000000006 0.26088866666666666
1 0.91662125 0.3044631666666666 0.10166675000000003 0.26488866666666666
1 0.972340875 0.41401866666666665 0.06554549999999992 0.259111
0 0.504429875 0.7338800833333333 0.24759024999999996 0.36546200000000006
0 0.39253225 0.64231375 0.23132525000000004 0.3726906666666667
0 0.21190025 0.47302666666666665 0.17100000000000004 0.33133333333333326
1 0.1511919375 0.40530441666666667 0.1393335 0.29688899999999996
0 0.10552525 0.35074883333333334 0.11775000000000002 0.25944433333333333
1 0.0704419375 0.30608225 0.10133349999999999 0.2315556666666667
1 0.0933385 0.9086138333333333 0.07250000000000002 0.19229266666666667
1 0.156776 0.9657703333333333 0.08725000000000001 0.10895933333333341
1 0.0363385 0.9415304999999999 0.0425 0.13262600000000002
0 0.044901 0.8355406666666666 0.059250000000000004 0.20399999999999996
