0 0.641981 0.8822349166666668 0.2735 0.24257566666666663
0 0.6789810000000001 0.7414243333333334 0.23099999999999998 0.2333333333333334
0 0.7062309999999999 0.622591 0.19174999999999998 0.18466666666666676
0 0.724606 0.5332576666666666 0.16475000000000006 0.15933333333333333
0 0.7371685 0.4656743333333333 0.14450000000000007 0.11699999999999999
0 0.7485018125 0.41828541666666663 0.12775000000000003 0.09933333333333333
0 0.756783125 0.38077158333333333 0.11383349999999992 0.08549999999999996
0 0.7639185 0.34811875 0.10275000000000001 0.07666666666666666
0 0.77039775 0.32236866666666664 0.09216674999999996 0.060889000000000026
0 0.7750035625 0.303531 0.08283300000000005 0.05399999999999999
0 0.7797119375 0.2868088333333333 0.07566650000000008 0.05044433333333331
0 0.7833370625 0.27153116666666666 0.06783325000000007 0.04288900000000001
0 0.1217908125 0.7214053333333333 0.14766674999999996 0.2306666666666667
0 0.19629081250000002 0.6299609166666666 0.16066650000000005 0.20933333333333326
0 0.264624125 0.5461830833333333 0.16266674999999997 0.16844433333333336
0 0.3251241875 0.47484966666666667 0.15933350000000002 0.13155566666666668
0 0.377624125 0.417072 0.15266649999999998 0.10533333333333333
0 0.420374125 0.36884975 0.137 0.08311099999999999
0 0.050270125 0.59893575 0.108249 0.11066666666666658
0 0.069999 0.52738025 0.11866674999999999 0.10622233333333336
0 0.091790625 0.4676024166666667 0.11133325 0.09311133333333332
0 0.1125823125 0.41826908333333335 0.10366675 0.08177800000000002
0 0.15495725 0.341783 0.07274999999999998 0.06416666666666665
0 0.196176 0.32811633333333334 0.07699999999999999 0.0661666666666666
0 0.23936349999999998 0.3164496666666667 0.07487500000000002 0.0658333333333333
0 0.28670724999999997 0.306283 0.07487500000000002 0.0625
0 0.3377385 0.2981163333333333 0.07074999999999998 0.05933333333333335
0 0.39020725 0.29157466666666665 0.06174999999999997 0.0561666666666667
0 0.44348849999999995 0.2869913333333334 0.058750000000000024 0.05449999999999999
0 0.496926 0.28336633333333333 0.06500000000000006 0.05233333333333334
0 0.118551 0.2826580833333333 0.04239575000000001 0.03230566666666668
0 0.1403531875 0.2751025 0.04943775 0.03424966666666668
0 0.1671709375 0.2654358333333333 0.04904149999999999 0.03416666666666665
0 0.19556156249999998 0.25607475 0.049500249999999996 0.03311100000000006
0 0.2269156875 0.24632458333333335 0.05166650000000003 0.033889
0 0.25958225 0.23715799999999998 0.04966675000000001 0.0322223333333333
0 0.293374 0.22904691666666668 0.04866674999999998 0.029666666666666647
0 0.329019875 0.22215800000000002 0.04691675000000001 0.026777666666666644
0 0.365582375 0.21721358333333335 0.044333250000000046 0.02399966666666667
0 0.40353025 0.2125051666666667 0.04170824999999995 0.022944333333333317
0 0.44163962500000004 0.2093246666666667 0.03931250000000003 0.02075000000000002
0 0.47946775 0.20742883333333334 0.04187500000000005 0.01949999999999999
0 0.51709275 0.20614758333333333 0.04449999999999993 0.01804166666666665
0 0.55371775 0.20678300000000002 0.04718749999999994 0.01874999999999999
0 0.589108375 0.20861633333333335 0.04874999999999996 0.019416666666666665
0 0.622170875 0.21049133333333336 0.04668749999999999 0.018250000000000016
0 0.23802125000000002 0.18678433333333333 0.03662499999999996 0.021166666666666667
0 0.26061500000000004 0.18074266666666666 0.036750000000000005 0.020333333333333342
0 0.283615 0.17424266666666666 0.03250000000000003 0.01899999999999996
0 0.30677125 0.168451 0.033125000000000016 0.016666666666666663
0 0.33389625 0.16286766666666666 0.03699999999999998 0.016999999999999987
0 0.36158375 0.15836766666666668 0.03199999999999997 0.014499999999999985
0 0.38774 0.155201 0.03049999999999997 0.013833333333333336
0 0.41439625 0.15265933333333334 0.028249999999999997 0.011999999999999983
0 0.44099 0.15090933333333334 0.027874999999999983 0.012333333333333335
0 0.46795875 0.15003433333333333 0.02899999999999997 0.010333333333333333
0 0.49449 0.14999266666666666 0.031125000000000014 0.010333333333333333
0 0.52052125 0.14999266666666666 0.03300000000000003 0.010333333333333333
0 0.54620875 0.150701 0.03437499999999993 0.01150000000000001
0 0.57124 0.151951 0.03700000000000003 0.01266666666666666
0 0.595865 0.153826 0.037250000000000005 0.013000000000000012
0 0.61952125 0.15582600000000002 0.03762500000000002 0.013833333333333336
0 0.6422712500000001 0.15815933333333335 0.03737500000000005 0.014166666666666689
0 0.31160862500000003 0.14333233333333334 0.029249999999999998 0.01391666666666666
0 0.31968675 0.13445733333333335 0.02562500000000001 0.010999999999999982
0 0.339171125 0.130749 0.02562500000000001 0.010666666666666658
0 0.33228050000000003 0.1391865 0.028437500000000004 0.013083333333333336
0 0.359296125 0.12726983333333333 0.025749999999999995 0.010749999999999982
0 0.35337425 0.13520733333333335 0.02787500000000004 0.01241666666666666
0 0.37935862500000006 0.124499 0.023312500000000014 0.009416666666666657
0 0.375046125 0.13212400000000002 0.02581249999999996 0.010250000000000009
0 0.399343 0.12237400000000001 0.023125000000000007 0.008833333333333346
0 0.39679612500000006 0.129624 0.024312500000000015 0.00991666666666667
0 0.41985862500000004 0.12051983333333334 0.021625000000000005 0.008166666666666655
0 0.418608625 0.12760316666666666 0.023187500000000028 0.009249999999999994
0 0.44015550000000003 0.11914483333333334 0.020874999999999977 0.00708333333333333
0 0.440452375 0.1261865 0.02268749999999997 0.008916666666666656
0 0.462264875 0.12531150000000002 0.023812500000000014 0.008500000000000008
0 0.460296125 0.11820733333333333 0.021562499999999984 0.006999999999999992
0 0.48040550000000004 0.117749 0.02306250000000004 0.0062500000000000056
0 0.484046125 0.12489483333333334 0.02518750000000003 0.008083333333333331
0 0.5005513125000001 0.11797125 0.02431249999999996 0.006749999999999992
0 0.505577375 0.12501983333333333 0.02674999999999994 0.008083333333333345
0 0.520249375 0.11844350000000001 0.025499999999999967 0.007666666666666669
0 0.5268014375000001 0.12572125 0.027833500000000067 0.008444333333333318
0 0.5478118125 0.12683250000000001 0.029125000000000068 0.00894433333333336
0 0.5399993125 0.11945741666666668 0.02654175000000003 0.007666333333333317
0 0.559275375 0.12042283333333334 0.02618749999999992 0.007000000000000006
0 0.56850975 0.12779783333333333 0.03093749999999995 0.009333333333333318
0 0.5891191250000001 0.12915200000000002 0.030437500000000006 0.009249999999999994
0 0.6074628750000001 0.13038116666666666 0.02993749999999995 0.009749999999999981
0 0.776197375 0.16540175000000001 0.017166749999999897 0.013333000000000012
0 0.75950975 0.15923525 0.02041649999999995 0.01377766666666666
0 0.741343125 0.15229083333333332 0.02300000000000002 0.012999999999999984
0 0.722968125 0.14584633333333336 0.022749999999999937 0.011444666666666686
0 0.7038013750000001 0.13926291666666668 0.0264167500000001 0.01177800000000001
0 0.6850827500000001 0.13313799999999998 0.024937499999999946 0.010416666666666657
0 0.667660875 0.12776300000000002 0.02631249999999996 0.01075000000000001
0 0.650817125 0.12270049999999999 0.02456249999999993 0.009249999999999994
0 0.633989 0.11830466666666667 0.028000000000000025 0.008250000000000007
0 0.61652025 0.1143255 0.028312500000000074 0.008500000000000008
0 0.6006296250000001 0.11040883333333333 0.026687499999999975 0.007749999999999993
0 0.5857000625000001 0.10715191666666667 0.028166500000000094 0.007667000000000021
0 0.5708041875000001 0.104013 0.028166750000000018 0.007444333333333317
0 0.5564292500000001 0.10131858333333332 0.02791650000000001 0.0072223333333333445
0 0.542200125 0.098652 0.02866650000000004 0.006666666666666668
0 0.5283459375 0.09648533333333334 0.027916749999999935 0.006000000000000005
0 0.5147000625 0.09448525 0.027333250000000087 0.005666666666666667
0 0.5016584375 0.09301308333333333 0.02691674999999999 0.0050000000000000044
0 0.48930425 0.09156858333333334 0.027000000000000024 0.005111000000000004
0 0.4775541875 0.09029083333333333 0.02566675000000007 0.0051109999999999906
0 0.4659084375 0.08912416666666667 0.025583500000000037 0.004555666666666666
0 0.7460956249999999 0.17380566666666666 0.041833250000000044 0.02088899999999999
0 0.7638456874999999 0.17777775 0.043583499999999886 0.021777999999999992
0 0.7814289999999999 0.18205566666666667 0.042750000000000066 0.02266666666666667
0 0.796908125 0.18575 0.03933349999999991 0.020555666666666667
0 0.8530123125 0.20491658333333332 0.029749999999999943 0.020000000000000018
0 0.8691789375 0.21191675000000001 0.030416749999999992 0.021555666666666667
0 0.8855123125 0.21999991666666666 0.029833250000000033 0.022222333333333344
0 0.920574875 0.26502775 0.04666674999999998 0.035
0 0.894679 0.2522778333333333 0.04400000000000004 0.03144433333333335
0 0.8731789999999999 0.243 0.045416750000000006 0.03011133333333335
0 0.853970625 0.23636116666666668 0.04491675000000006 0.02833333333333332
