0 0.1560996875 0.7268506666666666 0.12382075000000001 0.33372633333333324
0 0.2699364375 0.7155224166666667 0.136747 0.35595999999999994
0 0.401534375 0.69246425 0.16958425 0.36947799999999986
0 0.5377396875 0.6593999166666666 0.1993975 0.36197599999999996
0 0.6596121875000001 0.6230545833333333 0.19698799999999994 0.33627299999999993
0 0.7570679375 0.5854360833333333 0.1835945000000001 0.2931726666666667
0 0.83112925 0.55391 0.164458 0.2506023333333333
1 0.886798 0.529406 0.14374999999999993 0.22033333333333338
0 0.9291105 0.509406 0.12775000000000003 0.19233333333333336
1 0.9584735 0.4848226666666667 0.09470199999999995 0.1706666666666667
0 0.974690625 0.452795 0.06336874999999997 0.11866666666666664
0 0.18711425 0.46517033333333335 0.12250000000000001 0.21666666666666667
0 0.28073925 0.44400366666666663 0.11850000000000002 0.22800000000000004
0 0.38248925 0.42250366666666667 0.1215 0.21999999999999997
0 0.48811424999999997 0.402837 0.13649999999999995 0.2053333333333333
0 0.5862808125 0.38633708333333333 0.14933324999999997 0.19155566666666674
0 0.6724475 0.37467025000000004 0.14600000000000002 0.17466700000000002
0 0.7422808125 0.36600366666666667 0.1403335 0.15822200000000003
0 0.799280875 0.35967041666666666 0.13366675000000006 0.14622200000000002
0 0.8451974375 0.3556703333333333 0.122 0.13466666666666666
0 0.8820933125 0.35239258333333334 0.11224999999999996 0.12711133333333335
0 0.914421 0.35075866666666666 0.10150000000000003 0.12100000000000005
