0 0.683699 0.89042 0.22799999999999998 0.25949333333333335
0 0.554574 0.8272133333333334 0.23949999999999994 0.33216
0 0.44957400000000003 0.7360066666666667 0.23499999999999993 0.30800000000000005
0 0.365949 0.6486733333333333 0.20950000000000002 0.2566666666666667
0 0.303199 0.5755066666666666 0.1895 0.20600000000000007
0 0.25594900000000004 0.5185066666666667 0.1625 0.16866666666666674
0 0.22307400000000002 0.47467333333333334 0.14250000000000002 0.1346666666666667
0 0.197324 0.4402566666666667 0.1285 0.11633333333333334
0 0.1745115 0.4114233333333333 0.11525000000000002 0.10199999999999998
0 0.15698025000000002 0.3871733333333333 0.09875000000000003 0.08866666666666667
0 0.5932065 0.5070973333333333 0.15649999999999997 0.17399999999999993
0 0.5145815 0.4575973333333333 0.15149999999999997 0.14800000000000002
0 0.44895650000000004 0.4167084166666667 0.13566675 0.12311133333333324
0 0.3971648125 0.38431966666666667 0.1285 0.10355533333333328
0 0.35116481250000003 0.3574308333333333 0.12450025000000003 0.08711133333333332
0 0.31441481250000003 0.33681966666666663 0.10466650000000005 0.07111099999999998
0 0.545019 0.2526253333333333 0.08699999999999997 0.04416666666666669
