1 0.23020474999999999 0.460833 0.12949999999999998 0.14166666666666666
0 0.16226725 0.5091663333333334 0.118 0.16599999999999998
0 0.09176725 0.5614163333333333 0.10399999999999998 0.1903333333333333
0 0.29319425 0.41879133333333335 0.136125 0.11966666666666664
0 0.35030874999999995 0.38369433333333336 0.1375 0.10166666666666668
0 0.40018374999999995 0.3550276666666667 0.132 0.08666666666666673
0 0.44368375 0.33152766666666666 0.13024999999999998 0.07733333333333337
0 0.48162125 0.31211099999999997 0.12025000000000008 0.07033333333333336
0 0.537456625 0.7165566666666666 0.13614474999999998 0.2449796666666667
1 0.717031 0.5139904166666667 0.14500000000000002 0.13999999999999996
0 0.6948643750000001 0.5669905 0.17099999999999993 0.17066666666666663
0 0.6648643750000001 0.6321015833333333 0.1990002500000001 0.20577800000000002
0 0.7334893124999999 0.4716016666666667 0.12566675000000005 0.11666666666666664
1 0.7459893125 0.4386293333333333 0.11216674999999998 0.09488899999999995
0 0.75632275 0.412185 0.10399999999999998 0.08566666666666667
1 0.5552185 0.19718491666666665 0.044749999999999956 0.013444333333333336
1 0.6078018125 0.18082375 0.037333250000000096 0.014777999999999958
0 0.628968375 0.19001825 0.038250000000000006 0.015444333333333338
0 0.5879684375 0.17226825 0.03833350000000002 0.014666666666666689
0 0.5335310625 0.18787941666666666 0.04774999999999996 0.014333333333333337
1 0.5111351875 0.17937933333333334 0.05016675000000009 0.013555333333333336
0 0.568979 0.16414333333333334 0.037687499999999985 0.013250000000000012
1 0.550588375 0.156435 0.03862500000000002 0.01416666666666666
0 0.53357275 0.14935166666666666 0.03593750000000007 0.011749999999999983
0 0.5165102500000001 0.14303916666666666 0.03731250000000008 0.011583333333333334
0 0.6286085 0.236859 0.05874999999999997 0.03166666666666665
0 0.6396397500000001 0.23190066666666667 0.05437499999999995 0.02933333333333335
0 0.6714418750000001 0.21849791666666668 0.042833250000000045 0.022888666666666696
