1 0.521892625 0.8177181666666666 0.31355950000000005 0.3593846666666667
0 0.3382768125 0.5834903333333333 0.20056500000000002 0.26993100000000003
1 0.7441148125 0.6264908333333333 0.23634650000000001 0.2674196666666667
1 0.923022625 0.7966101666666666 0.165725 0.2548653333333334
0 0.5551159999999999 0.46427566666666664 0.21499999999999997 0.19866666666666666
0 0.417491 0.34827566666666665 0.15799999999999997 0.12533333333333335
1 0.328866 0.28177566666666665 0.10749999999999998 0.07666666666666663
0 0.239491 0.43110899999999996 0.11699999999999997 0.15399999999999997
0 0.190741 0.34527566666666665 0.07600000000000001 0.09466666666666668
0 0.163116 0.29477566666666666 0.05449999999999999 0.066
1 0.1454493125 0.26094233333333333 0.04150000000000001 0.049555666666666665
0 0.1197409375 0.20755333333333334 0.02533350000000001 0.024888666666666698
0 0.133990875 0.23794216666666668 0.033 0.03799999999999998
1 0.12590756250000001 0.22072 0.028999999999999998 0.030222333333333296
1 0.27403262500000003 0.24399783333333333 0.07833324999999997 0.053333333333333344
1 0.2376575625 0.21872008333333331 0.05866674999999999 0.038666666666666655
1 0.2123659375 0.20021991666666666 0.047833249999999994 0.03044433333333335
1 0.1932825625 0.18699766666666667 0.03866675 0.025999999999999995
0 0.17928256250000002 0.17655333333333334 0.0325 0.02111100000000002
1 0.16724093750000002 0.16883108333333333 0.028000000000000025 0.018666666666666692
0 0.1579909375 0.16288666666666668 0.023666750000000014 0.015555666666666662
0 0.1504909375 0.15805333333333332 0.020333249999999997 0.013110999999999984
1 0.14394925 0.15383116666666666 0.01916675000000001 0.01177800000000001
