0 0.58699675 0.7668646666666666 0.2616665 0.2964446666666667
0 0.6363300625 0.6423091666666667 0.22399999999999998 0.2359996666666666
0 0.6715800625 0.5453090833333333 0.19133325 0.18177766666666662
0 0.6960800625 0.47386466666666666 0.1629997499999999 0.14133333333333337
0 0.7125800625 0.41986475 0.14066674999999995 0.11688899999999997
0 0.72449675 0.3771980833333333 0.12266674999999994 0.09733333333333333
0 0.7333300625 0.34475358333333334 0.1100000000000001 0.08088899999999993
0 0.8545484999999999 0.4756606666666666 0.1097499999999999 0.09166666666666667
0 0.9060485 0.540744 0.10550000000000004 0.11666666666666664
0 0.955505125 0.616244 0.0930765 0.1449999999999999
0 0.9644305625 0.42847775 0.06566675 0.05822233333333332
0 0.928763875 0.38803333333333334 0.06933325000000001 0.04755533333333334
0 0.8947430000000001 0.35199166666666665 0.071125 0.03799999999999992
0 0.8625138125 0.31992225 0.07270824999999992 0.03216666666666668
0 0.8318055000000001 0.2904083333333333 0.075125 0.03150000000000003
0 0.8046805 0.26515833333333333 0.07087500000000002 0.029166666666666674
0 0.78033675 0.2437416666666667 0.07262499999999994 0.02899999999999997
0 0.756743 0.22388066666666667 0.0655 0.024333333333333346
0 0.7375555 0.207339 0.06337499999999996 0.021666666666666667
0 0.7202742500000001 0.19279733333333335 0.06137499999999996 0.01933333333333334
0 0.7049305000000001 0.18008900000000003 0.061124999999999985 0.017166666666666663
0 0.689868 0.16875566666666666 0.05725000000000002 0.015500000000000014
0 0.069605 0.738429 0.10450000000000001 0.20133333333333325
0 0.136855 0.6520956666666666 0.11649999999999998 0.18199999999999994
0 0.20648 0.5690956666666667 0.126 0.15999999999999998
0 0.273855 0.49509566666666666 0.1275 0.1293333333333333
0 0.33448 0.432929 0.127 0.10000000000000003
0 0.38948 0.37959566666666666 0.122 0.08400000000000002
0 0.43598000000000003 0.33776233333333333 0.10899999999999999 0.06466666666666665
0 0.474855 0.30476233333333336 0.09949999999999998 0.05533333333333329
0 0.507021625 0.2774845 0.09450000000000008 0.04777766666666666
0 0.53318825 0.25565116666666665 0.08666675000000001 0.04155566666666666
0 0.553855 0.23765108333333335 0.08466650000000009 0.036889000000000005
0 0.5723133125000001 0.22304 0.08083325000000008 0.031111333333333352
0 0.58948 0.21148450000000002 0.07466675 0.029777666666666647
0 0.603855 0.20076225 0.06733349999999994 0.02622233333333332
0 0.044713249999999996 0.4108716666666667 0.053250000000000006 0.07766666666666666
0 0.08683825 0.371205 0.05875 0.068
0 0.12921325 0.3358716666666667 0.0635 0.056999999999999995
0 0.17096324999999998 0.303705 0.06425 0.04799999999999999
0 0.21015075 0.275455 0.069 0.040666666666666684
0 0.24765074999999998 0.251205 0.06975 0.03466666666666665
0 0.28277575 0.23087166666666667 0.07050000000000003 0.030000000000000027
0 0.31571325 0.212955 0.07100000000000001 0.02466666666666667
0 0.34590075000000003 0.197705 0.068 0.020666666666666667
0 0.37396325 0.18503833333333333 0.06874999999999998 0.018666666666666665
0 0.399057 0.17416333333333334 0.06475000000000003 0.016666666666666663
0 0.4218695 0.16508 0.062375000000000014 0.015000000000000013
0 0.44265075000000004 0.156705 0.06224999999999997 0.013499999999999984
0 0.46186950000000004 0.14958 0.059 0.01316666666666666
0 0.47930700000000004 0.14299666666666666 0.05762500000000004 0.01316666666666666
0 0.4974945 0.13674666666666668 0.05862499999999998 0.013000000000000012
0 0.55990075 0.11549666666666666 0.04631250000000009 0.010999999999999996
0 0.5711976249999999 0.11278833333333334 0.04443750000000002 0.009750000000000009
0 0.5814945 0.11060083333333334 0.03981250000000003 0.008916666666666656
0 0.59102575 0.10868416666666667 0.03962499999999991 0.008499999999999994
0 0.621322625 0.10328833333333334 0.03387499999999999 0.008083333333333331
0 0.63171325 0.10324666666666667 0.03299999999999992 0.00816666666666667
0 0.642791375 0.10372583333333334 0.034937499999999955 0.008333333333333345
0 0.546359125 0.09542733333333332 0.02741674999999988 0.008333333333333331
0 0.5300675 0.09523266666666666 0.02758325000000006 0.008222333333333331
0 0.5120258125 0.09531608333333333 0.026916750000000045 0.007666666666666669
0 0.493859125 0.09578841666666665 0.026000000000000023 0.007666666666666655
0 0.4532341875 0.09764941666666666 0.024249999999999994 0.008888999999999994
0 0.43413 0.09917725 0.023999999999999966 0.008777999999999994
0 0.4146091875 0.100705 0.02150000000000002 0.008444333333333318
0 0.3949841875 0.10278833333333333 0.021083249999999998 0.010111000000000009
0 0.375484125 0.10548274999999999 0.020000000000000018 0.010111000000000009
0 0.3557966875 0.108205 0.020833250000000025 0.01088900000000001
0 0.336005 0.11184391666666667 0.02124999999999999 0.011444333333333348
0 0.3162341875 0.11584383333333333 0.023666500000000035 0.012888666666666673
0 0.2968175 0.11992733333333333 0.023749999999999993 0.013083333333333336
0 0.27730187500000003 0.12438566666666666 0.02606249999999999 0.014083333333333337
0 0.25809875 0.128969 0.02537500000000001 0.013999999999999999
0 0.23941125 0.134094 0.02631249999999999 0.015583333333333338
0 0.221062375 0.14001750000000002 0.026999999999999996 0.016499999999999987
0 0.202843625 0.14610083333333335 0.028999999999999998 0.017500000000000016
0 0.185562375 0.15183000000000002 0.027249999999999996 0.016999999999999987
0 0.168343625 0.15810083333333333 0.02956249999999999 0.017916666666666664
0 0.15054675 0.16516333333333333 0.02837500000000001 0.017750000000000016
0 0.133374875 0.17228833333333335 0.027124999999999996 0.01766666666666669
0 0.11773425000000001 0.17910083333333332 0.02625000000000001 0.018166666666666664
0 0.102906125 0.18574666666666667 0.028249999999999997 0.018750000000000017
0 0.086364375 0.19315633333333335 0.030104249999999985 0.019416666666666665
0 0.0351925 0.2688439166666667 0.0275835 0.02655533333333332
0 0.0585258125 0.25134391666666667 0.028583250000000004 0.02477766666666667
0 0.0816091875 0.23462158333333333 0.030583250000000006 0.023110999999999965
0 0.1045466875 0.219205 0.0315835 0.020444333333333314
0 0.1264008125 0.20548275 0.0315 0.016778000000000015
0 0.0563695 0.3123856666666667 0.040124999999999994 0.04349999999999998
0 0.04883825 0.29717733333333335 0.035250000000000004 0.03666666666666668
0 0.08758825 0.28688566666666665 0.042874999999999996 0.03733333333333333
0 0.07752575 0.27513566666666667 0.0365 0.031833333333333325
0 0.118932 0.26363566666666666 0.046249999999999986 0.03316666666666665
0 0.1057445 0.25413566666666665 0.03899999999999999 0.028499999999999998
0 0.1338695 0.2353856666666667 0.041874999999999996 0.022833333333333344
0 0.1501195 0.24276066666666668 0.048874999999999974 0.02833333333333332
0 0.1803695 0.22467733333333334 0.050125 0.023833333333333317
0 0.16027575 0.219094 0.04425000000000001 0.019833333333333314
0 0.20911949999999999 0.20805233333333334 0.05200000000000002 0.021333333333333315
0 0.187307 0.203469 0.046999999999999986 0.01899999999999999
0 0.21377575 0.18938566666666667 0.046125 0.015833333333333338
0 0.23711949999999998 0.19342733333333334 0.05300000000000002 0.018333333333333313
0 0.26327575000000003 0.180844 0.05262500000000003 0.015000000000000013
0 0.238307 0.177594 0.04425000000000001 0.01400000000000004
0 0.288057 0.16930233333333333 0.05412499999999998 0.014166666666666689
0 0.26227575000000003 0.166344 0.04600000000000001 0.01400000000000004
0 0.31196325 0.15905233333333332 0.05237499999999995 0.012499999999999983
0 0.284682 0.156719 0.043375 0.009833333333333333
0 0.3342445 0.15026066666666665 0.051375000000000004 0.010833333333333334
0 0.3054945 0.14813566666666667 0.046499999999999986 0.009666666666666657
0 0.354807 0.14251066666666667 0.05074999999999996 0.010666666666666658
0 0.326103875 0.14013566666666666 0.046375 0.009166666666666656
0 0.374307 0.13521899999999998 0.04899999999999999 0.010166666666666657
0 0.34571325 0.132844 0.04525000000000001 0.008333333333333331
0 0.3929945 0.128219 0.048250000000000015 0.009333333333333318
0 0.40940075000000004 0.122469 0.043125000000000024 0.007666666666666669
