0 0.40665293750000003 0.7815186666666667 0.16654725000000004 0.4040113333333334
0 0.5265780625 0.6539115 0.16051274999999998 0.3646463333333334
0 0.6163404375 0.5154201666666667 0.1246672499999999 0.316798
0 0.667589375 0.4065223333333333 0.11076050000000004 0.23984233333333332
0 0.4305645625 0.24568591666666667 0.13975924999999995 0.09799200000000002
0 0.47319 0.21558591666666665 0.12433350000000004 0.07866666666666666
0 0.5076066875 0.19203025 0.1166665 0.06755566666666668
0 0.5370233125 0.17314141666666666 0.10733324999999999 0.05955566666666667
0 0.56244 0.15736366666666665 0.10066649999999988 0.05422200000000002
0 0.6986016875 0.33584558333333336 0.08554224999999993 0.1759033333333333
