1 0.18812475 0.58816 0.1375 0.21066666666666672
0 0.26262475 0.52066 0.14900000000000002 0.1773333333333333
1 0.33287475 0.46032666666666666 0.15525 0.14666666666666667
0 0.3939998125 0.40854891666666665 0.14916649999999998 0.12222233333333327
1 0.2622081875 0.38632675 0.10966674999999998 0.09777800000000003
1 0.203604 0.42966000000000004 0.10075 0.11299999999999999
1 0.14304150000000002 0.47816000000000003 0.09 0.1333333333333333
0 0.0811920625 0.5312370833333333 0.07839750000000001 0.1502223333333334
0 0.111573125 0.6616171666666667 0.1185 0.23515666666666657
0 0.31708225 0.3465453333333333 0.10875000000000001 0.08633333333333337
0 0.36389475 0.3123786666666667 0.09966675000000003 0.07311099999999998
0 0.44335325000000003 0.36546208333333335 0.14400000000000002 0.10177766666666666
1 0.676557375 0.7766484166666667 0.26686750000000004 0.3036146666666666
0 0.7245514375 0.661146 0.22691574999999997 0.24578333333333346
1 0.7558434999999999 0.5709673333333334 0.18899999999999995 0.196384
0 0.77601025 0.5023713333333333 0.16066675000000008 0.156889
0 0.79058025 0.44992166666666666 0.14125 0.12766666666666665
1 0.8015177499999999 0.410005 0.12375000000000003 0.10533333333333333
0 0.9060773125 0.6784365 0.14519424999999997 0.18575733333333333
0 0.913417 0.5966155833333333 0.13493974999999991 0.1574296666666667
0 0.48941293750000003 0.3316195 0.14600000000000013 0.08266666666666667
0 0.53312125 0.30184175 0.13550000000000006 0.07222233333333333
1 0.101967875 0.3573291666666667 0.05133325000000001 0.06066633333333338
1 0.1430095625 0.3291069166666667 0.05683325 0.05377766666666667
0 0.1835513125 0.3033848333333333 0.0615 0.04688866666666669
1 0.2229679375 0.2800513333333333 0.0645 0.040444666666666684
0 0.2597179375 0.2591069166666667 0.06650000000000006 0.03422233333333333
0 0.2939679375 0.24071791666666667 0.06800024999999998 0.028889333333333322
0 0.32625950000000004 0.22466241666666667 0.0685 0.023333333333333317
1 0.1289679375 0.30499575 0.0466665 0.043111333333333335
1 0.19955125 0.2631624166666667 0.05249999999999999 0.033333333333333354
0 0.1647388125 0.28296808333333334 0.05116674999999998 0.03833299999999995
1 0.09367625 0.32860691666666664 0.041499999999999995 0.04955566666666661
1 0.060384625000000004 0.38877358333333334 0.0446665 0.07088899999999998
1 0.057884625 0.35494024999999996 0.038500000000000006 0.05622233333333332
1 0.0227595625 0.3832735 0.036000000000000004 0.061111333333333295
1 0.020725937500000003 0.42038466666666663 0.039968000000000004 0.07244433333333333
1 0.13604075000000002 0.25025966666666666 0.03900000000000001 0.02883333333333335
1 0.16260325 0.23513466666666666 0.039624999999999994 0.02566666666666667
1 0.188822 0.22080133333333335 0.041374999999999995 0.022833333333333344
1 0.21500950000000002 0.20763466666666666 0.04374999999999998 0.01949999999999999
1 0.10848875 0.26688466666666666 0.03462499999999999 0.03300000000000003
1 0.24080125 0.19605141666666667 0.04541674999999998 0.01755566666666669
1 0.264947 0.18542633333333333 0.04325000000000004 0.015833333333333338
1 0.081456 0.2856886666666667 0.03175 0.03500000000000003
1 0.05379975000000001 0.304522 0.029124999999999998 0.03600000000000003
1 0.026393500000000004 0.3250636666666667 0.028250000000000004 0.04133333333333333
0 0.2868309375 0.17535533333333334 0.04183349999999997 0.014444666666666661
1 0.127134 0.240236 0.031625 0.020500000000000018
1 0.15219649999999998 0.226611 0.03175 0.018000000000000016
1 0.1762589375 0.21390258333333334 0.033749999999999974 0.017110999999999987
1 0.1999464375 0.20173591666666665 0.03483349999999999 0.015444666666666634
1 0.2238421875 0.19076366666666666 0.03716675 0.01322233333333328
1 0.102113125 0.25537475 0.02841674999999999 0.023444333333333317
0 0.0777171875 0.2717914166666667 0.027249999999999996 0.02788899999999994
1 0.0527589375 0.28906925000000006 0.026999999999999996 0.029555666666666647
0 0.809655 0.3781346666666667 0.11050000000000004 0.09266666666666667
0 0.8155195 0.353204 0.09975 0.07950000000000002
