0 0.0897796875 0.9080330833333333 0.16927725 0.23172500000000007
0 0.1843579375 0.8320295833333333 0.20120475000000004 0.32409433333333326
0 0.27456875 0.7218894166666666 0.21626499999999996 0.2987953333333334
0 0.587821875 0.8256038333333333 0.2897590000000001 0.3313233333333333
0 0.6462555624999999 0.6911665 0.24638550000000004 0.25943766666666657
0 0.686617 0.58534325 0.2120479999999999 0.21365433333333333
0 0.35950862499999997 0.6142589166666667 0.21867475000000003 0.24497999999999998
0 0.4343579375 0.5218895 0.20542175000000001 0.19437766666666673
0 0.4921011875 0.44832725 0.18217774999999997 0.15020099999999992
0 0.538577875 0.39122675 0.1676295000000001 0.12572699999999998
0 0.5752223750000001 0.3471906666666667 0.14623774999999994 0.09352233333333332
0 0.60336075 0.31655866666666665 0.13175000000000003 0.08066666666666661
0 0.6274232500000001 0.289642 0.122 0.07166666666666671
0 0.71592325 0.5029753333333333 0.17174999999999996 0.1653333333333334
0 0.73473575 0.44289199999999995 0.14849999999999997 0.1293333333333333
0 0.74798575 0.396642 0.13149999999999995 0.10699999999999998
0 0.75917325 0.3589753333333333 0.11424999999999996 0.09333333333333327
0 0.7666107500000001 0.327392 0.10100000000000009 0.07966666666666666
0 0.6492357500000001 0.266392 0.11299999999999999 0.06199999999999997
0 0.05888775 0.5067173333333334 0.07725 0.14066666666666672
0 0.11576275 0.4518006666666667 0.08850000000000001 0.12200000000000005
0 0.17263775 0.399884 0.09825 0.10266666666666668
0 0.22732525 0.35580066666666665 0.10724999999999996 0.08400000000000002
0 0.27813774999999996 0.3170506666666667 0.10824999999999996 0.07033333333333336
0 0.32551274999999996 0.2852173333333333 0.10874999999999996 0.05833333333333335
0 0.36807524999999996 0.25863400000000003 0.10524999999999995 0.048666666666666636
0 0.40476274999999995 0.2363006666666667 0.10299999999999998 0.041000000000000036
0 0.43738774999999996 0.21796733333333335 0.09775 0.037000000000000005
0 0.46613774999999996 0.20255066666666668 0.09225000000000005 0.03233333333333335
0 0.49313774999999993 0.18905066666666667 0.09149999999999997 0.031333333333333324
