0 0.5226939375 0.5856306666666666 0.19318200000000013 0.270707
1 0.6279969375 0.6421963333333334 0.17878775000000002 0.2979796666666667
1 0.43121675000000004 0.5336104166666666 0.194697 0.23232333333333338
1 0.138536625 0.35756575 0.10083325 0.08888866666666667
0 0.12132831250000001 0.34745475000000003 0.09033324999999998 0.08111099999999999
1 0.106869875 0.33828800000000003 0.08216675 0.07533333333333331
1 0.095036625 0.3307879166666667 0.07666675 0.06933333333333325
1 0.392609 0.24027333333333337 0.09599999999999997 0.05266666666666667
0 0.4326715 0.24744 0.09725 0.05733333333333332
1 0.4777965 0.2575233333333333 0.10000000000000003 0.06033333333333332
0 0.528859 0.26960666666666666 0.09750000000000009 0.069
0 0.584484 0.28619 0.09350000000000003 0.07499999999999998
1 0.6440465000000001 0.3051066666666667 0.08574999999999999 0.08433333333333332
1 0.7061090000000001 0.3278566666666667 0.07499999999999996 0.09399999999999997
0 0.767984 0.35402333333333336 0.0685 0.10333333333333328
1 0.8281090000000001 0.38169 0.07050000000000001 0.10899999999999999
0 0.883484 0.4092733333333333 0.07174999999999998 0.11200000000000004
